player_id,mouthpiece_id,pitch,centroid,rolloff,octave_tuning,frequency_stdev,fundamental,ot1,ot2,ot3,ot4,ot5,ot6,ot7
0,0,E165,501.3134773229427,1047.333333333333,4.981000488709244,1.600164010638538,-0.47842448215995,-0.2776958817033408,0,-0.3455473124053601,-4.715491325837431,-4.443091480950748,-2.948113282238609,-5.503226966995626
0,0,A220,704.5102343474105,1834.333333333333,-6.704850499236107,2.773228909412131,0,-0.1295468464537955,-1.318803022956567,-2.497745725190359,-2.05470204694357,-1.286014433031717,-3.194285096661629,-3.384143822566271
0,0,E330,564.6492279806064,732.6666666666666,4.981000488709244,0.9569886226828784,-0.4669984088588525,0,-4.103142059582109,-6.838212538892577,-5.701818834255369,-5.156613123428728,-5.555803733127052,-7.918484006320514
0,0,A440,1068.693652418454,1914.333333333333,-6.704850499236107,1.594692356143497,0,-0.8629428374972733,-0.4706812497532151,-0.5329970891858629,-2.586342366079105,-4.405019392674188,-5.027099933998207,-6.643855365882054
0,1,E165,527.1873404980338,1100.666666666667,-1.220313381620478,2.457313119002943,-0.9638335682239387,-0.8629085389668728,0,-0.6294549119854412,-5.017206244363254,-3.311680861771309,-2.617634480091179,-4.162816428847092
0,1,A220,904.3718552711529,2274,3.101006333708189,2.180019915144018,-0.00342258902379089,-0.06541354936111259,-1.092436695572857,-1.438147962759278,-0.9039804776708747,-0.2857561098715597,-2.973298609790933,-1.512542689713422
0,1,E330,607.1007798389358,1100.333333333333,-1.220313381620478,2.252876600465992,-0.2783473197495973,-0.1043384009184553,-1.907541438587635,-3.944147062380355,-3.396489580720448,-4.607023924794172,-5.058660034992427,-6.48785722959751
0,1,A440,1034.775881607019,1760.333333333333,3.101006333708189,3.0955187911591,-0.2981840820314289,-0.8269805429872115,-0.082050075523639035,-1.91176900395938,-3.985499937194691,-5.112408255755986,-5.254019055420898,-6.081966289570985
0,2,E165,573.630328305886,1771.666666666667,5.995235523882953,0.2873396352201625,-0.4588027006035767,-0.3040518467412634,0,-0.7896222964741323,-4.811341662599339,-3.651383329111624,-3.206565473962989,-7.307664060655799
0,2,A220,1127.677165150645,2575.666666666667,-1.361598760235924,3.497169015828643,-0.05484227100664629,-0.1927044475922342,-1.452925508618334,-1.131370675095822,-1.813964527580432,-1.294368758964802,-1.42717681541698,-0.4495436412936542
0,2,E330,567.7516052982616,791.3333333333334,5.995235523882953,1.139771138266183,-0.295622172372199,0,-3.816802190343633,-6.234839010110586,-4.345954676996292,-4.718557103348227,-5.269114618676485,-8.93616552491387
0,2,A440,1236.991871097697,2213.666666666667,-1.361598760235924,3.540539387957763,-0.2147390905067822,-0.579530388872488,-0.3449329331916647,-0.2266401540516458,-2.283163774878381,-4.375782359938834,-4.914296839480072,-4.159546601321797
0,2.1,E165,523.7839903157161,1500.333333333333,5.364042261306836,1.067591543018946,-0.5248369916321342,-0.4757646242456436,0,-0.9711327869395457,-4.571676803565029,-3.510437326244143,-3.420227438951961,-7.469977481094777
0,2.1,A220,930.057735590929,2516.666666666667,2.011154374020947,3.528846234980453,-0.06015946657923118,-0.1004341090648489,-1.551721265459326,-1.636989512233902,-1.234027776277593,-1.300057978248902,-3.109758542503325,-1.44949834490339
0,2.1,E330,575.6572542097342,996.6666666666666,5.364042261306836,0.3966427395762857,-0.3817356700372101,0,-2.543289108847101,-5.443192315412618,-5.285653494916093,-5.775852574646176,-5.312117576013027,-7.797871273919506
0,2.1,A440,1099.293704793309,1785.333333333333,2.011154374020947,0.7919729020729878,-6.121764737727631e-4,-0.3240127062049749,-1.107804174893444,-0.4003270942827759,-2.949083056782055,-4.530966913524445,-6.6219462204376756,-7.161688321586179
0,3,E165,462.811205584592,943.6666666666666,4.866688632876791,0.9255975115278315,-0.5597109070800453,-0.5266999157886213,0,-1.092164052048874,-4.282655107805106,-3.202913143272835,-2.776207942115329,-4.001133245153653
0,3,A220,882.9341227286837,2209.666666666667,3.135648982522279,3.834395245685807,0,-0.3569827748316656,-1.058389556250607,-2.683511550411612,-1.581725468544324,-0.7236919880801477,-4.28124850642498,-2.074122201481865
0,3,E330,573.6534151630696,994.6666666666666,4.866688632876791,1.779596591292677,-0.1063216323260529,-0.0661983785416324,-1.913111331413002,-5.080493876875582,-4.17847557330963,-7.086054831003357,-6.224854963877026,-7.029352121270162
0,3,A440,933.6589331911288,1768.666666666667,3.135648982522279,1.5784137064987,-0.01161569124460697,-1.547187216731589,-0.5188161109466604,-1.719695653780173,-3.481645291520694,-5.666505819507816,-5.264237864454606,-7.284468924192907
0,5,E165,628.6763978737843,1826,4.636723843783308,0.6854145229634279,-0.7707181439688179,-0.6655569319660463,0,-0.8430286501618257,-5.167794128086562,-2.700991804065399,-2.647031358967621,-6.713949694866418
0,5,A220,1130.308159204568,2355.333333333333,1.658453202767748,2.991469848878689,-0.2178839506603527,-0.2929930993714483,-1.086700914468429,-2.034383334906278,-1.505525760232786,-0.9618513601189536,-1.558704728553427,-0.3463462912413826
0,5,E330,701.2285788205594,1767.333333333333,4.636723843783308,1.276548740876849,-0.4267772613150738,0,-1.958481135977735,-4.774729814439772,-2.371058999209838,-3.14220868496974,-3.630972280063244,-6.976155509986675
0,5,A440,1207.648317146492,2068.666666666667,1.658453202767748,3.18965454260374,-0.06214447750149743,-1.014517066794302,-0.2171825738014697,-0.2317298463075741,-1.929201772137609,-3.30779380226,-5.376632558748693,-6.106523853728761
0,6,E165,619.1267515753042,1770,4.429433096680285,2.389738945355916,-0.8303319940079351,-0.553291592115469,0,-0.9519461299803306,-6.043710388331715,-3.029913581985056,-1.370072965868341,-3.744952442444062
0,6,A220,1013.32089709585,2499.666666666667,3.199850066727463,3.061707166559474,0,-0.1452209814092373,-1.551834630439639,-2.827889626509213,-1.073068448408798,-1.009925583119965,-2.700980727983156,-1.029916793535787
0,6,E330,696.1282184289201,1893,4.429433096680285,0.7147458878413117,-0.2086923945810158,-0.00261973346401545,-2.000259969880998,-3.434160019039339,-2.515399598345065,-2.978739796423053,-3.251318512794879,-5.439578226443321
0,6,A440,1120.605028340495,2233.666666666667,3.199850066727463,3.459303291763635,0,-0.8811866334126699,-0.3229629517298361,-1.200125793331224,-2.492542140552858,-4.191044256304671,-4.600287464856062,-3.389331214404429
0,7,E165,511.8103836441692,1106,3.022081235594853,1.035304480060216,-0.7063523156093573,-0.5945152622389888,0,-0.7341347435104771,-4.014702250252917,-3.10476303919044,-3.101463096316019,-4.536258753626516
0,7,A220,912.4428245906832,2209.333333333333,10.71029190690206,4.560906713966868,0,-0.09736910731204938,-0.8084736585252488,-0.6849900300799487,-1.337636979649384,-0.6930321730081067,-1.946159945503237,-1.165691019940424
0,7,E330,635.8238082576903,1000,3.022081235594853,0.9394653840397522,-0.4835031261503873,0,-1.467608070783655,-4.42212617046038,-3.216479255012326,-5.634518490104068,-6.707766342788239,-7.178924989447753
0,7,A440,1028.53804699615,1884.333333333333,10.71029190690206,3.413418635333211,-0.28380391216468,-1.431148075090723,-0.01961571446824066,-2.484176696138845,-3.983059730971335,-4.620669480311594,-5.049843682032945,-5.573634039345488
0,7.1,E165,485.0662553931108,775,5.816207924697502,0.6924408984912775,-0.9165910223404405,-0.7811141637072229,0,-0.8128396805545232,-5.147476180666223,-4.189958062915699,-3.006140583000357,-4.107194668330788
0,7.1,A220,780.6225920043481,2209.666666666667,4.708952012066105,3.9223241877083588,-0.01778263996607343,-0.1263593874076376,-0.8933895228106873,-2.283605994095316,-1.548151590382592,-0.8168712811856542,-3.57057174435499,-2.45741678838
0,7.1,E330,575.0205201277828,886.6666666666666,5.816207924697502,1.271396139040468,-0.4468399885587436,0,-2.921039074843775,-4.825719095996114,-6.3809950847354,-5.547125527333239,-4.97663977329571,-8.379723150123466
0,7.1,A440,927.490892512384,1766.666666666667,4.708952012066105,3.165776057998908,0,-1.116795840793461,-0.5170425089725734,-2.041984642744977,-3.804772997806737,-4.928385563698587,-4.783959652572443,-4.427778779733113
0,8,E165,578.5827921371335,1539,3.804614214139291,1.399963013023808,-0.8698695316698578,-0.7150892500902312,0,-1.317021275857448,-2.367218605653025,-2.027503757707541,-3.309520475778237,-4.801458384953071
0,8,A220,864.3830198618967,2436,8.06625511264977,1.697279165231292,0,-0.4416851128174202,-2.330214520827127,-1.776549772919653,-1.227024443608189,-1.630284341098917,-2.372376173837051,-1.84509425163577
0,8,E330,672.1668019654911,1542.333333333333,3.804614214139291,3.044131919579805,-0.3748142882252553,-0.1350666790009534,-1.41360043368878,-3.84155352707276,-2.746170168052011,-4.605313208281234,-4.428170476948273,-4.89636886615005
0,8,A440,1015.687465818203,2346.333333333333,8.06625511264977,1.498354012657256,0,-2.621558699956949,-0.4338441969016085,-2.526135253616161,-3.1143598398757,-3.960799300672134,-3.454326023866173,-6.258637699299745
0,9,E165,534.4568261288767,1163.666666666667,5.270985119630979,0.5678550298215584,-0.7735210176835574,-0.7136872641859434,0,-0.8844102303274818,-4.0969263623914,-3.326848851340196,-2.47935356250715,-3.706755625454269
0,9,A220,835.4791290028189,2291,-0.1376393025172973,3.713495833164537,0,-0.1607912038143925,-1.375362451894281,-2.486081568069541,-1.43269142638756,-0.8318563055967831,-4.304995955802614,-1.968770088543338
0,9,E330,627.3156596845032,997.6666666666666,5.270985119630979,1.262566049868451,-0.6963627572707503,0,-2.177992053225427,-4.273052944465864,-4.686627625681083,-5.227507156582067,-5.184806645649179,-6.520464650952195
0,9,A440,936.1106797163076,1775.666666666667,-0.1376393025172973,2.072847206138577,0,-0.7826877042985393,-0.8417735294470484,-1.545237322176555,-3.984956493246435,-4.745049346634276,-4.419219666314826,-6.485828120057866
0,10,E165,546.9981628266088,1158.666666666667,5.74822055626676,1.302485481930376,-1.20711460573016,-1.047588392378183,0,-0.3200596016621628,-4.631310688544861,-3.362919407124087,-2.780304331609262,-3.950758087945709
0,10,A220,1020.853767579745,2067,9.216448944207613,1.436062502204285,-0.1001000768927723,-0.3174762374876346,-0.4379921515156374,-0.2986687276448735,-1.584028001393315,-0.1319699174281597,-1.175511628583826,-0.5619014628678204
0,10,E330,646.6837036388907,994.3333333333334,5.74822055626676,1.596538540742178,-1.260695527442768,0,-2.550766210531899,-4.448911823978199,-5.208492698761053,-5.635374912646753,-6.156825832972882,-8.060034083401574
0,10,A440,1113.81678588308,1765.333333333333,9.216448944207613,2.118562468187206,-0.8198041630088005,-1.154222286724188,0,-2.250007792340931,-4.954187388688991,-6.260225219361708,-5.746492750076538,-4.72953440294254
0,11,E165,615.3765598949063,1765.333333333333,7.296291410250825,1.420507197881592,-1.044833149031822,-0.8103887051197739,0,-0.6547172110427865,-3.3300704784663,-3.143357241084293,-2.302047557236079,-3.52202468559596
0,11,A220,1238.149765837448,2866.666666666667,3.720907424318801,0.8863917702352998,-0.1190037732659629,-0.3885111148464439,-0.9502048706670467,-0.988776668822263,-1.521829593077348,-0.4927379182715138,-1.672735552988569,-0.7554494534614188
0,11,E330,735.6523980591933,1764.666666666667,7.296291410250825,2.472449734699534,-0.93162081422092,0,-2.553437967342967,-3.290788482206578,-2.636567473266139,-3.517032186901,-3.708128443266316,-5.760854549895408
0,11,A440,1232.079896257586,2059.333333333333,3.720907424318801,2.330578536762681,-0.4724875443793393,-1.155343155144694,0,-1.012364215371779,-2.81113602525486,-4.09763489367657,-4.404431864915801,-4.008363040187595
1,1,E165,730.2578502352379,1930,12.18611399291265,1.30149097074914,-1.116902823891576,-0.6472113669455078,-0.2012646445872533,-0.2468267233753133,-0.9605406467490024,-2.971133196983433,-2.388436061732096,-4.202798209962496
1,1,A220,1105.361042254503,2466.333333333333,12.70215805292238,5.115703791732259,-0.1368179955223644,-0.10468254618252,-2.160416066503808,-1.649033543264514,-1.685378565877301,-1.373803108054047,-1.608523671470687,-2.053851008857607
1,1,E330,713.0363696100472,1964.333333333333,12.18611399291265,1.743183183206848,-0.09983417228920526,-0.03122642508046465,-1.385122117673919,-2.837454502315582,-3.53327143287472,-2.495701847221341,-6.030450732203157,-6.125915290914196
1,1,A440,1154.893173462779,2313.666666666667,12.70215805292238,6.737196261931039,-0.1619154699265617,-1.849859925269416,-0.5533140500234959,-2.591818836358894,-3.850181306329638,-5.648651671104801,-9.362123381210063,-12.13510256982467
1,1.1,E165,723.2936339447143,1727.666666666667,-8.567521397443695,22.76847535680619,-1.90864086309884,-1.642104717521454,-0.1154558291641763,-0.3542339087565078,-2.21862695916235,-3.205271218541904,-2.260921723758165,-4.12021645454396
1,1.1,A220,899.2429745236794,2298.666666666667,6.515997452835134,1.148714042376639,-0.0576201495060058,-0.01482739759164294,-1.255302954450794,-0.7317661633922903,-1.273006798107631,-1.135502737439549,-1.680914512933804,-3.315552074930171
1,1.1,E330,628.8880985157206,1012.333333333333,-8.567521397443695,24.35307773921713,-0.1230176061006389,-0.1060146238984316,-1.306535276161226,-3.982661238601064,-6.559955903575936,-10.14049518519099,-11.07317651267589,-12.36594214187634
1,1.1,A440,945.589870847652,2242.666666666667,6.515997452835134,12.94424034478762,-0.008748723895990315,-0.4851508958532398,-1.431555026386357,-3.976795049713601,-8.44422368319009,-8.652526961223181,-11.71112927231171,-13.42822895582675
1,2,E165,635.3709165645723,1759,1.840855229445796,6.273931133682296,-2.704867583345569,-1.047575827845868,0,-1.392398766267171,-2.414229004686268,-6.669201545575082,-3.668140405454272,-4.110852730390768
1,2,A220,888.0869525872854,2581,-25.66844248464565,15.27901987225431,0,-1.303444843674282,-4.662618517833278,-3.735087589046714,-2.802524471222158,-2.864477887302477,-3.601937217817829,-3.355904719883308
1,2,E330,509.7119689055206,819,1.840855229445796,14.01460775745795,0,-0.7847355138319276,-3.878630733347416,-6.281764846944314,-6.533094063876994,-4.845306165889011,-4.633466793215249,-6.257903065009002
1,2,A440,1214.979465935695,2375.666666666667,-25.66844248464565,3.51287140081686,0,-1.657730302588449,-1.159256789602808,-0.9305331358457861,-1.51068190746154,-3.509881430332971,-4.761359248703612,-7.260349172545962
1,2.1,E165,1122.75767089081,2845.333333333333,10.05902143777844,1.368983209213317,-1.86251697219443,-1.6691954369147881,0,-0.690887633962074,-1.676673947761816,-2.56578188154307,-1.65621429134488,-3.738746828390573
1,2.1,A220,1072.530348794157,2510,-2.82661302252241,8.081869513953235,-0.09483859501043963,-0.04014148369042481,-0.8926915255083901,-1.93110881598862,-2.705211538138594,-1.490654356245396,-1.148252648934671,-3.064807240101187
1,2.1,E330,943.7385132281848,2122.333333333333,10.05902143777844,4.521981329417093,-0.3538350588298667,0,-2.134008635184644,-5.412721181876588,-1.872399635965402,-2.674177381830936,-4.909485461642939,-8.305445772894268
1,2.1,A440,1390.795407652417,2098,-2.82661302252241,5.756769841955977,-0.8517677300737917,-0.1705151965713417,-1.187397416876177,-2.408214602878609,-5.936452343832539,-9.853868841180487,-9.5048562372815,-12.53918785897141
1,3,E165,751.8316870383233,2147.666666666667,4.415972423687729,2.524710624553953,-1.505799591681527,-1.111178002399633,0,-0.8056392801551834,-1.880758160798045,-2.568180759825349,-3.109798891682287,-5.014704887932779
1,3,A220,789.5975107961575,2326.333333333333,-18.37707047476679,2.983317312268344,-0.8527106625760913,0,-2.205564346072103,-2.806482038454052,-2.101896528723165,-2.813226125229301,-3.737464539732533,-3.436802412618999
1,3,E330,588.2961046311781,1210.333333333333,4.415972423687729,0.4571415642936869,0,-0.3777797405849261,-1.651491050986045,-5.830738385389719,-4.887991554440048,-4.281732433766003,-4.620710948459256,-4.790358749719673
1,3,A440,746.7865478559112,2033,-18.37707047476679,2.238609352482591,0,-3.043848280937152,-2.310527556407092,-3.436528306256951,-3.76975018232212,-4.169516121215822,-8.869785557184825,-12.99761212931041
1,5,E165,760.2823927664316,2114,0.4526842468250436,0.6074578403460708,-1.5756141647799,-1.110567163210866,-0.0961128832875584,-0.2342597224364376,-2.054922685310472,-3.44427120285674,-2.145558780867051,-3.618056006307062
1,5,A220,923.4211038935827,2347,-12.07837004203067,8.555471756367659,-0.4801043588820102,0,-1.3308387601352,-4.565261109535744,-3.008929752054325,-1.71190191446391,-2.436919597046626,-3.869527664690113
1,5,E330,603.1449148154916,1226.666666666667,0.4526842468250436,2.469037452165575,-0.2398555891324007,-0.09573905239862945,-2.225048810143553,-4.582002733200632,-4.289752052867038,-3.783397095157623,-6.729985777170605,-10.26743858444566
1,5,A440,1039.377927751995,2367.333333333333,-12.07837004203067,1.316830062598926,0,-0.9858089439326791,-1.517214364309459,-0.960018828730707,-2.589367649341321,-4.044661062385805,-6.645065672815004,-9.843535705919441
1,6,E165,894.3667130999919,2430,1.54062073308192,6.952896152631252,-1.694350710855175,-1.062494242692977,-0.08570258719438566,-0.04684063397236097,-2.002809131520809,-2.455696741912744,-1.801838108225211,-3.624584174225225
1,6,A220,1294.158320510606,2781,4.690894458212893,4.67618457115418,-0.2073921478281656,-0.01579906691717703,-1.404907216149601,-2.589190895511639,-1.767973735991902,-1.64726031750639,-2.430520430795233,-2.214607538780868
1,6,E330,678.2649651944439,997,1.54062073308192,1.934172385111801,-1.577660790641237,0,-3.13384242913693,-4.848761947323468,-5.900237371692877,-5.807534395840748,-4.962211401066964,-5.552295582815461
1,6,A440,1240.531448264215,2356.666666666667,4.690894458212893,6.08195140402435,0,-1.566836658795582,-0.8788854290109338,-1.225178463416794,-1.294787872028157,-2.247161500495972,-4.374889080419064,-9.017589701408776
1,6.1,E165,846.0631919002832,2286.666666666667,25.63867256127349,13.61322763908029,-1.910425969746764,-1.400390722152834,0,-0.5297155374545648,-2.449160160836515,-2.878090818928572,-1.859292513604745,-3.339568738517897
1,6.1,A220,753.025601959786,2427.333333333333,-11.20753493648764,11.29612737029561,0,-0.4495565441290843,-2.017495290514644,-3.9023874787817,-2.567723539643958,-2.080926053866153,-2.722833466289649,-4.529789730971777
1,6.1,E330,684.7281753927331,1014.666666666667,25.63867256127349,12.98131877665753,-1.681774044161128,0,-3.960257814675902,-4.446903693636727,-7.191436766411595,-9.126449413945469,-9.348610125241935,-10.36792987573797
1,6.1,A440,1043.126468060542,1786.666666666667,-11.20753493648764,14.62270502838957,-0.03826369599235383,-0.3784355162674131,-0.9138107190870602,-2.445395617891581,-5.850601165519065,-7.490828156763544,-8.87515619507694,-10.19384216256947
1,7,E165,1053.668667110563,2865.666666666667,14.64292557946997,1.634504633475999,-1.619421537800343,-1.48021224399861,-0.3196364559712392,-0.5643934703247856,-1.575661099946856,-3.282108106707533,-2.096238749794983,-3.573887889166464
1,7,A220,964.5157942631231,2423.666666666667,1.225751481316591,5.898161705064203,-0.3289395377427689,-0.06193282534961853,-1.140131134551789,-2.038939180845581,-2.626265560743917,-1.843175215416241,-2.428093715166558,-2.128978545488045
1,7,E330,857.0258240105513,2085.666666666667,14.64292557946997,2.230195416507641,-0.6927613054569329,0,-3.293563495630023,-4.352280744836009,-3.359249975790765,-2.091109462580347,-2.959673289739667,-5.301457544961249
1,7,A440,930.4609472279903,2205.333333333333,1.225751481316591,0.7011549744010442,0,-1.130884862624985,-1.394790344129711,-2.14718881637535,-2.731646227743634,-3.941347250861051,-5.290465488175588,-6.362677181447244
1,7.1,E165,797.7243947141492,2426.333333333333,12.07548594995916,2.327561232086636,-1.483096650050793,-1.525831814617098,0,-0.6476701938346077,-2.282869999295511,-2.605766804142513,-2.600475953582031,-4.889109134109
1,7.1,A220,624.382640081042,1894,-0.07749969356836317,3.289746790460392,-0.1762170368814484,-0.1828054843550492,-1.870822119402561,-3.80697842369606,-4.171669561848037,-2.709410973376581,-4.405305477232152,-3.79686724163566
1,7.1,E330,796.512783200045,1978.333333333333,12.07548594995916,1.053474337788573,-1.246320734181499,0,-3.096465375550977,-5.008512953464789,-4.025235665759976,-2.596921296785208,-4.057462415395375,-5.724647611486385
1,7.1,A440,788.2895541313741,1755,-0.07749969356836317,3.1380835574749,0,-1.981923717358398,-2.048861414935014,-2.468096120559898,-4.101032379794219,-4.952310595221938,-5.844041142587929,-10.82609690530164
1,8,E165,776.7886151650755,2376,9.468020220061861,2.822029670775616,-0.9114696304069251,-0.6924088813934772,0,-0.4411771582097999,-0.821670256910021,-2.676097696491347,-3.202631507840932,-3.576967728133672
1,8,A220,831.7080576689059,2483.333333333333,4.633255951675691,3.023479260088449,-0.1344120211791943,-0.145971320523491,-2.768528283491085,-2.48295857160391,-2.751094881337144,-1.578500158054247,-3.115818574710096,-2.98802289159377
1,8,E330,760.6017627012958,2203.666666666667,9.468020220061861,2.994480113209776,0,-0.2619788858968188,-1.339376068983319,-2.978152823340466,-3.379254204702911,-2.485364795929157,-3.212173738264195,-3.469385441821283
1,8,A440,930.8148141638616,2462.666666666667,4.633255951675691,12.06084145889641,0,-2.55116692236464,-1.438918595928606,-3.520976571773188,-2.99694229253949,-4.442223390842682,-7.70577854533487,-10.19012059963085
1,8.1,E165,942.8562955123056,2562.666666666667,14.83082716434312,4.193255310281685,-0.8666246780675207,-0.692490596609835,-0.1890513273645519,-0.05645115013836281,-0.6526949881606807,-3.144621454865353,-1.836653585236363,-3.398850291419009
1,8.1,A220,1033.959413624232,2846.666666666667,-5.109223640125315,1.531332654118861,-0.1762886165116292,-0.3415287367689448,-2.511777590069626,-2.775511649147543,-3.177582560167033,-1.901969160775482,-2.716175204580987,-3.514369465706766
1,8.1,E330,882.4498733083459,2310,14.83082716434312,1.871282500648406,-0.588300862357694,0,-1.699378318656812,-3.197690271438925,-3.218511062413912,-2.700005648280349,-3.174124051484834,-3.794865537773247
1,8.1,A440,1199.121706469093,3346,-5.109223640125315,10.43182640995129,0,-2.260938790700965,-1.775908929243635,-2.771204708146147,-2.328350890256532,-2.778725319300335,-6.627751819047173,-10.56855942488319
1,9,E165,815.2655604760039,2209,2.331454191720422,0.7826591263327256,-1.989739017152809,-1.3290405192311,-0.3454801104607208,0,-1.869773330488266,-4.072190431295045,-2.899502661409399,-3.839922359705951
1,9,A220,1029.444207500659,2636.666666666667,6.595410592779771,3.210288691698795,-0.3066523073570651,0,-1.462280773389806,-3.354418686806715,-2.354967539154744,-1.979856416485211,-3.079157068935891,-2.259084304016385
1,9,E330,749.2190611219197,1989,2.331454191720422,3.375080885854781,-1.125991537251569,0,-3.280274692397886,-5.753228433608853,-4.039935628011719,-2.768837253069986,-3.642572868543134,-4.525734489099186
1,9,A440,1187.740687122046,2493,6.595410592779771,4.59466619337662,0,-2.017614783823431,-1.021586703985691,-1.745172223516567,-1.732832671897046,-2.48150483674653,-5.3621891852955494,-6.361553629830451
1,10,E165,627.2252761068867,1272.333333333333,19.38947399868416,1.580486509894702,-1.783375132078869,-1.368821223546127,0,-0.4724842114151342,-1.64611498606357,-5.2031721890258424,-3.264405199393703,-4.190372503127776
1,10,A220,678.143691357003,1840,-0.09462039486811001,8.678401471851169,-0.5175630436138251,0,-1.690010289541367,-2.566720461904996,-2.60837048288772,-3.111676926884037,-2.883642635429066,-3.167492720139652
1,10,E330,574.6618292965569,778.6666666666666,19.38947399868416,11.27064804034161,-0.1651992583361498,-0.01429327532048615,-3.275872276306996,-7.080190089792045,-5.825259299782893,-4.46372006461719,-4.87900109085519,-5.923219499100472
1,10,A440,731.6405226537541,1625.333333333333,-0.09462039486811001,3.515221580914133,0,-1.533542969062295,-1.913393734364396,-3.06810375021743,-4.060092166607652,-5.358895978345989,-6.050650385219029,-9.264012947887307
1,11,E165,834.7034432336653,2384,-17.93813762883248,24.00979250889435,-2.147964802801338,-1.970385054307326,-0.00845929855115557,-0.3469804459933001,-1.541999709611399,-4.340841681282105,-2.372319495169318,-4.032524852389249
1,11,A220,1331.65677069838,2674.666666666667,28.28308142810597,3.301735787402135,-0.01533865864958243,-0.09679378873083493,-1.050222428624058,-0.418629524204841,-1.068045163292429,-1.235305567262684,-0.9190051074262885,-0.3890958122404785
1,11,E330,661.0808974844831,1005,-17.93813762883248,2.573087145477976,-1.025729152345692,0,-2.332631593296298,-4.817739180477262,-4.23275664536873,-5.041443889928051,-6.748527795863205,-10.59131969177641
1,11,A440,1346.786234686864,2383.666666666667,28.28308142810597,13.59792109976441,-0.4049247761183556,-0.06279946440874322,-1.550231353210564,0,-4.461146655068474,-7.935789428734431,-10.29376411036768,-14.14171627387692
2,2,E165,744.1847088178816,2317.666666666667,2.649493646106028,5.206936503441964,-2.087706445492735,-0.8656400913537894,0,-2.049154772171988,-2.918895965264192,-2.764952721797639,-3.270777092001699,-4.033230791044422
2,2,A220,731.1969567486314,2866,-0.4628531811209196,5.341490339375617,0,-0.2592163520847214,-4.114757395657124,-5.089294778199707,-3.347118071113323,-3.63167574647177,-4.410044741523402,-4.384809586930044
2,2,E330,626.4737976081747,1877.333333333333,2.649493646106028,1.982710021337958,0,-1.978930981450748,-1.859051523415089,-4.626885117262227,-4.131046839305067,-4.038070425682768,-5.000396549639873,-4.656772118625923
2,2,A440,811.9107645544531,2796.666666666667,-0.4628531811209196,1.836326632336574,0,-4.843820693832432,-1.846436908403178,-5.061999979717085,-3.649431898014276,-3.569444757310712,-4.198428136337793,-4.28698162689095
2,2.1,E165,866.1739015378545,2733.666666666667,17.11799489271499,5.096170195392339,-1.210341994112912,-0.7022366860158323,0,-1.984433063409326,-1.96321243720594,-1.276004775703236,-2.940061027557674,-5.044602921792062
2,2.1,A220,888.9700404996107,2957,9.28620448267114,9.235261308468546,-0.1025465926622703,-0.2162584933028461,-3.968510190163784,-3.510103373053914,-2.881063789080444,-2.700876437827267,-3.742621306156914,-2.88165433277171
2,2.1,E330,967.8091549973691,2688,17.11799489271499,19.60337971947474,0,-2.187352191747516,-0.7614658142748537,-2.796834402039806,-3.764054949584585,-6.153393453071583,-7.96273540196665,-8.654151828993754
2,2.1,A440,1037.249520233122,2977.666666666667,9.28620448267114,14.90851026073284,0,-4.367091705315545,-1.946145129185936,-3.394911987056712,-5.627594507421466,-5.770498792863131,-8.466234951282752,-10.09571742588333
2,3,E165,790.60507814564,2554.666666666667,3.221949458316296,6.605540108383966,-1.728859124412353,-0.3432579965752804,0,-2.33971977283529,-2.23658516665922,-2.143436491405204,-3.275727364403492,-5.799202860710404
2,3,A220,753.4762557509744,2634,-1.841294240421074,1.240520425542837,0,-0.4770357520915922,-6.340472031088716,-3.249737007029663,-3.246604518369865,-2.279794778844194,-5.427056351856401,-2.868602142658938
2,3,E330,688.3509300143783,2099,3.221949458316296,2.829627661128713,0,-3.26141082868236,-1.573712347650604,-3.256626827405471,-3.824750657819266,-3.231154560898058,-4.457007596953478,-4.165591247851548
2,3,A440,790.7452141800009,2643,-1.841294240421074,0.6348059816493358,0,-5.125105655611582,-2.817491639426434,-3.21709470318568,-4.751388453706263,-2.86512939584569,-5.926401594090632,-5.836825928643703
2,5,E165,963.0679747696232,2561.666666666667,5.634643731235244,2.885509245281776,-1.628194456659378,-0.4619757829003805,0,-2.333268842891056,-3.200221929133778,-1.57721544129707,-2.187577032358173,-4.697897516223393
2,5,A220,902.7196362551873,2652,8.856861188589582,3.883921518645969,0,-0.2659148114814561,-3.498996017525318,-2.912537134707616,-2.377372789398684,-2.402627045902728,-2.499876111228063,-2.279833446831108
2,5,E330,963.7951667955767,2343,5.634643731235244,3.105294324559176,0,-2.826310293205325,-1.409196399929651,-3.276859188944911,-2.077362290284464,-3.291897024509737,-5.211132211181266,-6.532150023405403
2,5,A440,1100.704452428788,2653.333333333333,8.856861188589582,11.028096740151,0,-3.759476885166313,-1.091372418893703,-1.650015754050213,-1.833676379980298,-2.514577868323862,-4.411355626195241,-6.405454427189999
2,6,E165,856.0997253014124,2491.666666666667,7.750367292070063,3.371255795864547,-1.750996455775307,-0.1389995911059755,-0.07416411381162231,-1.963368554363016,-2.590107516870919,-1.622805608633183,-2.595033186467587,-5.243194602239758
2,6,A220,1079.281079996181,2926,3.421718295034139,4.34914487361014,-0.003683042776665128,-0.21336121349047,-5.617697181388986,-3.043657933302496,-2.509408467690551,-1.875947852930214,-2.39125282052123,-2.318011880139878
2,6,E330,893.6692362995118,2542.666666666667,7.750367292070063,0.7513965346211959,0,-2.217454925766523,-1.180798609249041,-3.421799370920164,-2.333225767900621,-2.729568028888931,-2.6200901224646578,-3.193470570692144
2,6,A440,1042.96137568349,2636.333333333333,3.421718295034139,1.042757841737543,0,-5.202168898480803,-2.110216069726692,-2.351242758710427,-3.246977632418195,-2.213590049206306,-5.264048345923584,-4.575102828745659
2,6.1,E165,998.6330756830242,2586,20.66892872172168,7.14064294445804,-1.768480235198176,-1.043831611478826,0,-2.425920605370445,-2.891566266990097,-1.04320087451241,-1.43718800422924,-4.613458838829298
2,6.1,A220,908.0543605261946,2878,13.81425188421884,3.577983510843607,-0.1631549676831684,-0.1008706289719381,-4.115860229387575,-3.017289995338146,-3.150258923625177,-2.713705473148488,-2.966068039820118,-4.58331579125007
2,6.1,E330,1333.352829611417,3270.666666666667,20.66892872172168,24.01244592240925,-0.2125537951454136,-3.043279584870484,-0.2329765113999235,-4.97291107706067,-6.96795346164211,-7.847084950708742,-9.719589964298509,-8.945502274470352
2,6.1,A440,1046.882522271933,2853.666666666667,13.81425188421884,23.07332919345409,0,-4.284804019743965,-5.454823306834972,-8.009233222066664,-10.09506408649877,-9.219701635105402,-10.94018478040603,-11.44823092605956
2,7,E165,847.5326405085707,2482.666666666667,11.35511845333386,5.96558649111874,-2.096770133874019,-0.4187307946707903,-0.008180434752805018,-1.616436487087175,-2.964162636236944,-2.012554390097003,-3.261007674135325,-6.086614955619051
2,7,A220,964.412384731681,3077.333333333333,0.9187489189775893,3.260239091012554,-0.05922036816495613,-0.064549300028375,-3.324611554722769,-2.344471805917588,-1.837154384252477,-2.407462024464969,-1.889941138637205,-3.274961553181976
2,7,E330,775.8755021163357,2195,11.35511845333386,7.498311222785164,0,-1.214239492332242,-1.313139912779115,-4.591515117237356,-3.064369018797282,-4.933884584067416,-4.102031640870005,-5.032075098107384
2,7,A440,928.6662465451114,2645,0.9187489189775893,2.681004253857159,0,-3.987206273044389,-1.305775889539951,-4.759199602664045,-3.227899482086766,-3.924527546315526,-3.803795894775387,-5.855359122792632
2,7.1,E165,819.5291247719271,2487,11.04130555557466,2.323303481246745,-1.845861396405123,-0.07481673134809579,-0.03862260386785957,-1.13249573631111,-2.841251324734829,-1.46514866674777,-3.589280021804873,-5.941001510175291
2,7.1,A220,924.1128885442882,2782.666666666667,3.6275062315703,4.009228586374287,-0.05674335894125034,-0.1924189970138605,-4.123290302003201,-3.272795045734623,-2.13592916742125,-2.298270302589968,-2.870975248145552,-2.856116811577305
2,7.1,E330,743.0239476211312,2198.666666666667,11.04130555557466,3.28943734279432,0,-1.316217462548929,-1.379825400283111,-4.368882113865394,-2.923038668762134,-5.351203086418947,-4.032190918916102,-5.40179138809783
2,7.1,A440,992.6246132047244,2931,3.6275062315703,2.888296723995918,0,-4.612780607171412,-1.3202168954197,-4.427438961050019,-3.382041338062091,-3.799038837272334,-3.695579141761838,-5.758375364254298
2,8,E165,910.4204866028209,2549,8.840090311127504,1.635421945458899,-1.780227657518373,-0.3088699223368613,0,-1.549360391809937,-1.772571668184922,-1.026153319697326,-2.628053757874366,-4.677815195279974
2,8,A220,1024.004719007028,2794.333333333333,10.7858622283656,1.927262356847431,0,-0.5188927268127491,-4.088439438439498,-2.827355651258942,-2.370658788977917,-2.520697486977851,-3.623433705894129,-3.205102053722152
2,8,E330,880.8228351878396,2323,8.840090311127504,1.131874237566585,0,-2.438701131187296,-1.096690660591672,-2.99292435075813,-2.180523723853694,-2.867113971406515,-3.572127987370857,-3.709914143741992
2,8,A440,1272.887134789289,2641,10.7858622283656,0.7025611894860305,0,-3.370011734007225,-1.281032107348876,-3.084553741719838,-2.413011302846842,-1.430955738403383,-3.820384844846505,-5.095194980971981
2,8.1,E165,981.3469819017506,2822,5.711996284031219,1.725310724182862,-1.566004506404601,0,-0.0641298358964389,-1.627947926190729,-1.516693443912681,-1.19937246114032,-4.257440218695102,-5.553666890648266
2,8.1,A220,1285.189356492899,3432.666666666667,2.920628860127876,0.1679504640460046,0,-0.4287704498716103,-6.174130879664517,-2.408509440014609,-1.95649145379048,-1.680556520900096,-2.529421464257548,-2.590566081967097
2,8.1,E330,926.8409542220467,2762,5.711996284031219,1.223094260490032,0,-2.114080723612298,-1.11041287951636,-3.42789985604375,-2.933251515787535,-2.903673549613295,-3.068796674472104,-3.422343223314454
2,8.1,A440,1286.939512867207,3219.666666666667,2.920628860127876,2.583039730024069,0,-3.863276018590406,-1.545357046800512,-3.268763013622749,-2.533146368953151,-1.926538760226051,-3.810181041917274,-4.549777408051471
2,9,E165,1088.360554376172,3005.333333333333,14.41672774275963,4.520147452106428,-1.364529598947996,-0.459552830078902,0,-2.133192821107508,-1.626074934601779,-1.316551906572499,-3.66537359697897,-4.172408593289427
2,9,A220,1134.082012849505,3449,0.3045618838294393,4.047240437617608,-0.2035678675739998,-0.0384482832778558,-5.370044806161721,-2.535981959456048,-2.276512710895942,-2.733095097768539,-1.889872892686307,-3.253113410661039
2,9,E330,1024.833327262961,2892.333333333333,14.41672774275963,20.15725966713333,0,-1.672464824606835,-0.6101932083620382,-3.316977810197907,-2.380375659313637,-4.199769438166242,-5.512651224361181,-5.808563365948395
2,9,A440,1044.356902812608,2949,0.3045618838294393,5.8958134420597466,0,-3.825446833409666,-2.002192515833735,-4.662090484546792,-3.247448243185742,-3.420707900163267,-4.095191036338815,-5.127269598289576
2,10,E165,923.2330312772041,2767,7.202949420657995,2.434985369985787,-1.695281257490591,-0.1728006718714905,-0.05035397970118716,-1.507033254159641,-2.957504465754789,-1.608821357836905,-2.544025699620897,-4.975828562950659
2,10,A220,1134.495784691685,3149,4.695829276072309,1.867436633314134,-0.02271799069664778,-0.1393640664323404,-4.341933302266023,-3.060625695289111,-1.86677850420884,-2.455237014406287,-2.253549855429208,-2.679950895310729
2,10,E330,706.7397551532235,2212,7.202949420657995,3.580285899635268,0,-2.429676640328281,-1.455455326606901,-3.93480247986261,-3.185663588511602,-3.601800825220684,-3.876980505939306,-4.642595141332157
2,10,A440,1165.483139581062,2927.333333333333,4.695829276072309,0.3766208955464562,0,-3.693176317430606,-1.135763748062837,-3.704092887461203,-2.37001035342491,-2.099959085400871,-3.382006849276617,-4.968321189703446
2,11,E165,1072.701631675087,2881.666666666667,1.007626904375055,6.242529854371775,-1.794088366246299,-0.5284145535234277,0,-1.094976029204324,-2.776346256533119,-1.910932075892432,-2.166157973281287,-3.752469931271666
2,11,A220,1272.915511200064,3674,10.14059343279934,0.4677638712267538,-0.3650008045919388,0,-3.846929247067072,-3.71019452685336,-2.16604850664346,-2.823077769302347,-2.739144740919226,-2.499885324602625
2,11,E330,1119.515997671941,2780.333333333333,1.007626904375055,2.685644657773983,0,-1.593902009040464,-0.9219945414060812,-4.09943326633076,-1.955390205849326,-2.625291029383009,-2.447371508888574,-2.573911596498968
2,11,A440,1115.402874994305,3395.333333333333,10.14059343279934,12.01526366807247,0,-4.96432285741071,-2.066967905295202,-3.189500114714836,-3.267279373848714,-2.323062325719587,-4.027348454969595,-4.096581021852495
3,0,E165,973.1475245710617,3299.666666666667,12.93588339224652,1.379337413163828,-0.2045446534844763,0,-0.9031492863757483,-0.07357105402073157,-2.388523633183834,-4.703963477799266,-2.523540737411476,-3.499824665793463
3,0,A220,1171.869540557351,3304,0.7539607408436996,0.3149126604950097,0,-1.973344610671894,-7.036320506418917,-2.378063571937054,-1.622173364444633,-1.319345461597632,-2.520025144543797,-4.692548567744583
3,0,E330,782.1473984225413,2627,12.93588339224652,1.713425302355765,-0.614120091027892,0,-4.374339394876176,-5.519657040016249,-3.163959991416855,-4.289713644353918,-4.388977848663096,-3.721756198582231
3,0,A440,1620.477630818877,3089,0.7539607408436996,0.8922498491576084,-1.676393906161078,-0.5902978970902156,0,-1.621806555239654,-2.626860760259297,-2.237348704928302,-2.498241682413446,-4.339828896314984
3,2,E165,976.3906825740916,3533.333333333333,6.558454412350586,3.596325259066404,-0.2741020995141241,-0.3169190736728691,-1.017671731330825,-0.02669449540025089,-2.696704121041505,-3.671065487241552,-2.12906785782321,-3.748664652794199
3,2,A220,1512.315014040277,4512,2.390449302088394,2.635994699320871,0,-2.10182433268833,-4.630915799778221,-2.577262800448451,-1.338162559882395,-1.572132727934116,-2.252863936501959,-3.947204212307155
3,2,E330,838.4867797593556,2851.666666666667,6.558454412350586,2.571102277419583,-0.4359370552137705,0,-3.63669952956422,-4.951894805219349,-3.948242649349667,-5.011566596437696,-4.305253136561281,-3.450527346397331
3,2,A440,1825.774418316477,4257.666666666667,2.390449302088394,5.31208483464101,-1.545276139277792,-0.530570051694727,0,-1.217910220314802,-2.469826489953253,-1.995876883169035,-2.111616011745439,-3.926862567289257
3,2.1,E165,1094.150765921432,3850,7.074921908045807,1.777893895022159,-0.1572269746261536,-0.1781637755601236,-1.101730565508987,-0.1805475270354403,-2.600813028135355,-3.027837493794097,-2.151474383454547,-4.05023622249294
3,2.1,A220,1609.697936996546,4329.333333333333,-3.108020411914675,3.304780490941838,0,-2.299971677344034,-5.803401890645596,-2.40786912728299,-0.9742011514682977,-1.543776187134037,-2.134898409122926,-3.224013770541139
3,2.1,E330,978.0556353587255,2967,7.074921908045807,0.7502920458014951,-0.078057314976873,-0.0342422357312658,-2.532303144637674,-4.089005355132101,-2.442755891722301,-3.581238139001864,-3.053660823608091,-2.577609214777137
3,2.1,A440,2194.420215666138,4428.333333333333,-3.108020411914675,7.341239475873365,-1.564239560189634,-0.8219105113765366,-0.03940926186340269,-0.8395626829987277,-1.137669383057676,-1.229950705220171,-2.525393757812818,-4.542076389245392
3,3,E165,727.0181571946265,2699.333333333333,8.617637920952102,0.1364495834065576,-0.1167419784304761,-0.01426442527207724,-1.034081209022921,-0.495935564680656,-2.85048958051671,-2.191951560015289,-2.259744324406734,-3.570815516203963
3,3,A220,838.0904869566502,2648.333333333333,8.8815718916397,0.8865465121495066,0,-1.8640566094643,-4.720513018586821,-2.632533268100443,-0.9320096360278551,-2.550467089606166,-2.590621775108127,-3.161353492431021
3,3,E330,662.2883858375897,1649.666666666667,8.617637920952102,3.731283082140124,-0.2846395096693583,0,-2.707260345150628,-4.319715855820972,-4.361948457024022,-4.598211399643582,-4.166423209980036,-4.690518804715263
3,3,A440,1801.800832943602,3963,8.8815718916397,2.333863007590185,-1.346534787010002,-1.892763666871842,0,-3.264139811987421,-2.113970509621158,-2.482334572199737,-2.412943870603531,-3.929464485521228
3,4,E165,909.1458123321967,2868.666666666667,11.815102731996,3.645352593220442,-0.5368751280660696,-0.4498227530808737,-1.110433712751204,0,-2.627060280740031,-3.493823120705073,-2.168134046796629,-3.787134868250836
3,4,A220,1359.414527093013,3739.666666666667,5.335313785097451,3.378990343901947,0,-2.151456376220166,-4.154925824551297,-1.204460592246363,-0.4887685473651982,-1.402985620532259,-1.402172551936622,-2.937848064681106
3,4,E330,861.673660558817,2534.666666666667,11.815102731996,2.548334017498965,-0.5645584762465846,0,-2.745453123320472,-4.04131248956718,-2.628158116256758,-3.395619044494065,-3.060463698133761,-3.237863213026073
3,4,A440,1765.934113628798,3679.666666666667,5.335313785097451,7.611232396251845,-2.035054951740269,-0.127260645179016,0,-1.074015943292607,-0.9871343021006161,-1.251665311808738,-2.26597544936609,-4.722118118152349
3,5,E165,956.9494813797825,2754.666666666667,8.480851728787417,1.393971268789393,-1.044319022867676,-0.7273123658497772,-1.272067926459963,0,-2.283950256869005,-3.999772457069034,-2.294399753883281,-3.268587756031429
3,5,A220,1288.516556317345,2944,3.236101102697122,1.564764544772054,0,-2.559932781369569,-3.841560339166166,-1.572615608011492,-0.7634130048085671,-1.491390353953259,-1.510282853116576,-3.720045139082882
3,5,E330,825.8338824755007,2311,8.480851728787417,2.575698602013609,-1.006770230892795,0,-4.010557328582414,-4.20703654112098,-2.658783725705046,-3.486941479766151,-3.626608267660275,-3.856391097687978
3,5,A440,1796.36679547073,3233.666666666667,3.236101102697122,5.464220693119131,-1.829353424820052,-0.6527777086577812,0,-0.9827694208423262,-1.390789389110821,-1.227310487119885,-2.948830796498045,-4.946997964571566
3,6,E165,931.7849634680989,2865,11.30237881580988,2.388822432997038,-0.9249965532249655,-0.7917248560510138,-1.344827521994952,0,-2.985852415705837,-2.516962776793095,-2.143692085721337,-3.827017700570311
3,6,A220,1302.267740701702,3738.666666666667,4.156190047401424,4.28854453613287,0,-2.054718094619632,-2.472767134926942,-2.665896887328402,-0.6460737201492934,-0.8980133304165179,-2.312867498727015,-2.780432205097819
3,6,E330,825.8979841313176,2307.666666666667,11.30237881580988,0.7413578304660039,-1.026714409429737,0,-2.922204474007239,-3.924747338962113,-3.094304899749725,-4.001993665615477,-4.20515037962499,-4.257255564434909
3,6,A440,1765.953780103574,3670.333333333333,4.156190047401424,1.366041032392859,-2.529782057333452,-2.498703453214896,0,-1.870330214501648,-3.079267534678625,-2.281762869989913,-2.883523713794227,-5.359420307910423
3,6.1,E165,858.9344624078977,2647.666666666667,13.77032055864052,0.5620747555540067,-0.8456146234731058,-0.6383471291406932,-0.6878264390454915,0,-2.876943061036076,-3.258012042112336,-1.901622165672211,-3.362996408837239
3,6.1,A220,1247.704961040816,3160.333333333333,8.206886966607742,2.731081978390394,0,-2.188057125795007,-3.474697951283837,-1.873329202746959,-0.7209926372106524,-1.098252631580889,-2.183031009996965,-3.463054639521373
3,6.1,E330,773.6298446524125,2196.333333333333,13.77032055864052,0.06898199540113592,-1.135410396212613,0,-3.884224736948808,-3.983568589498082,-2.890610759445116,-3.793507098701866,-3.776006256150667,-3.886336156299509
3,6.1,A440,1717.721671935966,3516.333333333333,8.206886966607742,4.26606648670875,-1.723343793784972,-0.7373535696371878,0,-1.814934620949082,-2.336623041690785,-1.927719835468207,-2.557474781064386,-4.809838515196797
3,7,E165,600.5762314544517,2039.333333333333,11.76024151202431,1.317340186612552,-0.2563915410589696,-0.1601184049245878,-0.8311750036290118,-0.4005248010595519,-2.959956859815636,-2.935628461990858,-2.96560993984905,-4.730606706153029
3,7,A220,905.0158746866227,3080,4.111486266946788,2.398190958012216,0,-2.266290269300724,-4.637239589791728,-1.953580944311671,-1.437676222151681,-2.681515717947505,-2.062729640818122,-4.487442793248619
3,7,E330,680.7331724395398,1757,11.76024151202431,0.6102016612062436,-0.2659936317045191,-0.0837139106556511,-2.003629990205999,-5.126906513534549,-3.000785726276425,-4.312957217377602,-4.65925560968202,-4.209885005802814
3,7,A440,1790.79735304636,4103,4.111486266946788,1.215207687395758,-1.600649897963501,-0.9741929474220257,0,-2.303406098138475,-2.138170512606165,-1.810576997404046,-2.536662806859584,-4.048121201797996
3,7.1,E165,851.6097312256701,3144.666666666667,13.37411147486412,2.183152285935607,-0.09781470945534505,-0.2539895723303338,-0.6961159289471498,0,-2.934338150687093,-2.259163438884788,-1.917467777356051,-4.255723256385431
3,7.1,A220,1072.404104740361,3663.666666666667,1.486577617481636,1.70900634643695,0,-2.281090617897479,-3.816313104040322,-2.353555814058987,-0.9091794212221327,-2.761582335449313,-2.805171083664739,-3.426405788700784
3,7.1,E330,841.393573786928,2856.666666666667,13.37411147486412,0.3257519464080593,-0.4960390114269586,0,-1.954328107240925,-4.470565364299264,-2.860925579891874,-4.143820351951464,-4.723811022581664,-3.959213602138899
3,7.1,A440,1810.827098748565,4251.333333333333,1.486577617481636,1.531606207403734,-2.547074887834544,-2.307856541926295,0,-4.041348249220682,-2.442222817370265,-2.916137973162086,-2.939227737284853,-3.939884724520188
3,8,E165,854.6620696738397,3028,10.04319862059434,1.673274176098939,-0.3535489867549468,-0.2494622916345855,-0.4937932407125724,-0.01447525574031339,-1.937241928663738,-2.610610364288113,-2.527418648370487,-4.139578206949473
3,8,A220,1066.613601358083,3438.333333333333,-3.621186044051631,1.634912146302378,0,-3.354479452254941,-5.204334013290919,-1.848661879801069,-1.130324621934427,-2.141488593320077,-2.782393478201074,-3.164009002836546
3,8,E330,982.0114480617018,2966,10.04319862059434,1.585526166692565,0,-0.2677466559584249,-1.418686551388451,-2.836826730965684,-1.715271731447326,-2.623780211202951,-2.688843864414717,-3.312037530919174
3,8,A440,1920.790087903793,3970.333333333333,-3.621186044051631,5.808291770371925,-2.035789793229349,-0.7939998654898522,0,-2.267873701377913,-1.556900894700193,-1.389228938887495,-2.052230349508285,-3.935740856988635
3,8.1,E165,1003.702499996119,3748.666666666667,9.115962066839007,1.154827760500089,-0.3714260834311795,-0.3156230842171306,-0.8395225413361688,0,-2.161836163439315,-1.767340048535138,-2.489791691077746,-4.179755524592245
3,8.1,A220,1371.006760628955,4253.666666666667,3.379302491098731,1.01959422430458,0,-2.774332392413374,-4.579047295679087,-2.377212830803797,-1.635020359059793,-1.402288551388399,-2.880407014220964,-3.011460562983228
3,8.1,E330,1178.02783869641,3854.666666666667,9.115962066839007,1.711512595107774,-0.0404261437734809,-0.1334638378171658,-1.319713936979962,-2.888829271650577,-1.362747838863142,-2.778996532067856,-2.73733685880274,-3.036657420163245
3,8.1,A440,2286.267011639457,4406,3.379302491098731,1.357307754937947,-1.521513438692603,-1.670303669842814,0,-1.781358375881261,-2.068825081064732,-1.415301533368283,-1.967849202493669,-2.781018727701321
3,9,E165,776.5576184517262,2702,9.16084886285026,3.663852465082712,-0.2803626321514724,-0.272992775148387,-0.7930452260548707,0,-2.718958268516101,-2.409186794032723,-2.063351291734703,-3.805405350319054
3,9,A220,1142.47085392955,3816.666666666667,6.500589037419211,2.484068260396522,0,-2.274267584923994,-3.524186941497561,-2.080149156048539,-0.7159365915257648,-2.125275746713361,-2.830356716343864,-3.738767599819024
3,9,E330,737.3334322594902,2091.666666666667,9.16084886285026,2.66688181645834,-0.4509727386338067,0,-2.760720817387958,-4.427306481842675,-3.809126946641001,-4.525575229474687,-4.450249643666332,-4.438448492957662
3,9,A440,1795.025357457586,3954,6.500589037419211,2.65018346820915,-1.657139427740287,-1.042010152387386,0,-2.092739660574943,-2.089352390332755,-2.193159151252358,-2.506284190375441,-4.301055211560425
3,10,E165,707.3363185980284,2754,15.78124888560231,1.152188460781904,-0.1442685593035987,-0.1190151727531979,-0.9003389669975498,-0.1555855549583244,-2.598014468713278,-3.049524927485851,-2.693865390531145,-4.365746976687851
3,10,A220,1167.283659501678,3588.666666666667,4.699243936943569,1.438164960473106,0,-2.028103544166096,-4.396346534473463,-1.76662561220863,-0.6653735455747061,-1.682970563983385,-2.123917055189828,-3.478448689934339
3,10,E330,697.8421317291918,2081.666666666667,15.78124888560231,4.294112253529542,-0.3268314132063115,0,-3.450954158048839,-4.947482048854435,-3.916870366824871,-4.74163056477719,-4.952861768045012,-4.409669500446149
3,10,A440,1690.545847739862,3808,4.699243936943569,4.873521238535043,-1.994451397760008,-1.27801844139027,0,-2.155090379950845,-2.671095117544599,-2.086350102445891,-2.474213147311067,-4.649997841748895
3,11,E165,960.6477849912181,3029.333333333333,6.322892495209719,4.208888959229979,-0.9781439080110962,-0.8692537173295047,-0.7895217576522692,0,-2.428872317749105,-3.485151850771595,-1.962962667026436,-3.327968351506918
3,11,A220,1595.753104180262,4110,1.175300596083171,2.160386968265878,0,-2.017057763844492,-3.257061314678025,-2.746461290711802,-0.9003986355730292,-0.5876876022673964,-1.720301776846887,-3.202819980175421
3,11,E330,949.0751818229998,2644,6.322892495209719,2.435495283779376,-0.3901076094141101,0,-3.054663020719957,-3.750443610204812,-2.054374397083892,-3.186433255445318,-3.279572310212808,-2.759908497176472
3,11,A440,1828.971538391666,3826.333333333333,1.175300596083171,4.374189647346643,-2.277142305591209,-1.897740569300621,0,-1.391823408679662,-2.237438469304569,-2.16570027134327,-2.468453076757021,-4.487343480699372
4,0,E165,484.1101527305474,640.6666666666666,11.91289574759036,3.242510773777545,-2.266991547519251,-0.9730599065425128,0,-3.028461053998601,-5.695390589369317,-6.093243457666886,-5.814633100333618,-9.056763436181889
4,0,A220,347.5307800417224,446,7.24508962426618,0.09051777892687952,0,-0.3363960699752894,-4.228936175017091,-6.342933368169814,-5.833522871093685,-4.68091109716373,-6.293768715187731,-6.967903737734194
4,0,E330,404.0047291743745,665.3333333333334,11.91289574759036,2.50853235048403,0,-1.86245823210335,-5.964987916184991,-9.754487287935058,-7.640214036445343,-6.61195532491336,-6.709703225543438,-7.717905476726654
4,0,A440,498.3081418938534,1030.333333333333,7.24508962426618,3.029799337687674,0,-4.683998170944847,-3.233093733540118,-7.426509918584273,-6.293109720781505,-7.116761354245608,-10.41854184650861,-8.700957991794771
4,2,E165,715.8637447738288,2330.333333333333,24.71798926315452,7.656399394341573,-1.176278382228835,0,-0.5573934564157016,-1.642301569275298,-3.34019535762331,-7.8112993113591,-8.821337903055165,-11.11605036470807
4,2,A220,376.1468325184716,1007.333333333333,29.71647115193094,28.49891009266713,0,-1.667384522305909,-4.240119252247299,-4.083482163127417,-10.66121778305257,-10.60729863635499,-12.29641790286391,-12.45901576367629
4,2,E330,508.8813214151198,2043.666666666667,24.71798926315452,10.37744070656038,0,-2.929961964815432,-9.759309169856808,-12.51505486246681,-11.93967251383222,-12.08429384529073,-11.42395847332778,-11.67996574980295
4,2,A440,1026.488807130228,2332.333333333333,29.71647115193094,44.71855457444287,0,-8.803344642533142,-9.728458206864826,-11.52707484473448,-11.2113106298619,-10.58610680585902,-10.41174822918579,-10.38892985627741
4,3,E165,515.1563909705325,1785.333333333333,20.12591968304629,3.545813069116007,-1.01374039497898,-0.0655683588061932,-0.1098711992657382,-2.861700587847901,-4.173825283321404,-5.819711114688043,-5.471814961269357,-7.078241485616753
4,3,A220,395.8594233735496,1334,15.71383015901514,12.68089059132236,0,-1.731816686513245,-4.166974419676549,-4.749464846559156,-7.46472006851664,-3.986896941058232,-7.211085918068169,-8.49231922262644
4,3,E330,498.2831736763802,1655.666666666667,20.12591968304629,11.98673122381465,0,-2.361424751109174,-4.551215344965546,-7.879301298264013,-6.201935961338562,-5.569849396629581,-5.115575840120159,-5.350235176367103
4,3,A440,794.9855948752047,1489,15.71383015901514,13.72958653433754,0,-2.297385283755699,-1.481916666705663,-6.646105997332828,-7.485858345303321,-6.0611130421041,-9.294638086961752,-9.288693437908488
4,4,E165,693.2605212984319,2288,-45.22306168878396,41.59124140745745,-1.513615902126667,0,-0.6467562889403687,-2.202337562299518,-6.243865403335651,-7.747826736832541,-9.514369399827599,-10.93137003245014
4,4,A220,334.523957273808,689,72.84385097330366,38.09713083879583,0,-1.859234768879239,-4.051990767905584,-7.909531427516582,-12.01009367711048,-11.7301165734612,-12.29400140612503,-13.08602958819089
4,4,E330,463.2832191665214,880.6666666666666,-45.22306168878396,21.31993601208911,0,-4.500740545276335,-10.16832557278733,-12.36646958199355,-12.33230358039201,-12.62215981378823,-12.00114412691027,-12.19654696060572
4,4,A440,760.5915388644971,1880,72.84385097330366,27.81226629855554,0,-7.99486120023634,-9.741210189933938,-11.07631152453573,-12.05119737371737,-10.72870023168514,-8.899952824977602,-8.395917644014826
4,5,E165,475.6157518234682,847.6666666666666,32.0687120175814,3.158731553115897,-1.450396838004145,-0.5659851260014319,0,-2.676645895233163,-3.950830562568368,-4.327160609363179,-6.354565253270597,-10.40768691927864
4,5,A220,451.836291013045,1279.333333333333,-22.2049294953857,29.91871581360166,0,-1.734774461245609,-3.140158835125636,-3.472848150393347,-7.202924533057664,-5.170403091362386,-9.447602625372582,-10.31105715990828
4,5,E330,466.3146559242194,903.3333333333334,32.0687120175814,26.49759753843227,-0.03503716700805922,-1.339463958318045,-2.934818410298999,-9.009371695000182,-11.76159848709912,-12.12953609327664,-11.91071791032163,-12.24020071384799
4,5,A440,942.911793223839,1977,-22.2049294953857,19.2422196295805,0,-3.801392177966677,-6.419382984666828,-9.657997757211694,-10.86787175741306,-11.94439862326811,-12.6517902206341,-12.98615487330073
4,6,E165,549.8241560068014,1852.333333333333,38.49054523473979,3.710857868521502,-1.440883357342022,-0.2536226734388626,-0.1330524934708806,-2.561938926638836,-3.897638871811246,-6.003490261111029,-6.451634990636197,-8.692219467576448
4,6,A220,367.7904273998916,746.3333333333334,-24.30226614371306,23.78965993694474,0,-1.30709010452058,-3.07498371502417,-4.271948677685745,-6.517805170452104,-5.269861614068727,-8.351140232897665,-8.039304000767146
4,6,E330,472.5708902352644,1347.333333333333,38.49054523473979,20.68276068233486,0,-2.405327038435059,-4.567965501801515,-6.899569222158102,-10.72000480664547,-11.19703199158283,-10.34933973240525,-9.857883146826211
4,6,A440,666.6501629459389,1661,-24.30226614371306,22.28288072816116,0,-2.586465276764684,-7.039657485538907,-12.05349699440028,-11.9697599678598,-11.77029468690309,-12.44270552710502,-12.43743443739052
4,6.1,E165,424.9000719868602,921.6666666666666,-14.37874056302335,2.399329772530221,-0.6582251673892449,0,-0.7478602290166272,-3.753302173452263,-4.892388332245911,-8.01033419037301,-10.62231731917454,-11.62485643642128
4,6.1,A220,404.9817527334423,1220.666666666667,69.98137683731072,30.52660535770212,0,-1.608194520223041,-4.913335906455708,-7.569798434743332,-10.67395540381984,-11.27895422175712,-11.91415620100672,-12.12424671793708
4,6.1,E330,450.2176259360223,1119.333333333333,-14.37874056302335,34.00685967730981,0,-3.929250713280369,-9.333869415277748,-12.93202661750184,-11.93398558084053,-12.48879086730195,-12.35915450456011,-11.59185224183217
4,6.1,A440,1247.051832097609,3764.333333333333,69.98137683731072,9.081303671525339,0,-7.591558933858386,-7.339303788446112,-9.065852401232975,-9.74219875209287,-9.145921039101049,-8.475231669056617,-7.935489010547638
4,7,E165,405.1664806595859,508,13.72115277383637,3.263991766376464,-0.8842366479158027,-0.3577770629050505,-0.04607156198126283,-3.209697388246472,-4.338824455125546,-6.846655867684682,-8.226739412963065,-10.03332049596428
4,7,A220,307.9201876282291,454.3333333333333,1.32123900071798,4.719261210635763,0,-1.819862782983303,-5.181761032126176,-4.635172522583975,-8.0252186143646,-9.44898132173707,-12.62790982271591,-12.87793756353265
4,7,E330,369.0083036421949,563.6666666666666,13.72115277383637,25.73550655135377,0,-3.116573477587872,-5.850895034214137,-9.049604470941352,-10.33005020441036,-12.09121755078364,-12.31838105743167,-12.07592795904777
4,7,A440,718.6056697958808,1678.333333333333,1.32123900071798,12.48369624860039,0,-5.90420142149334,-9.031299446253891,-12.17945528937993,-12.53515977674164,-13.08191420171192,-13.27522421579313,-12.36402713862694
4,7.1,E165,412.6278269264972,514.6666666666666,-13.41143370793373,28.37485667319585,-1.208216555360812,-0.2581743952986185,0,-2.976288433369209,-3.688276024302919,-6.013971919646266,-7.629140275331903,-9.068859619812924
4,7.1,A220,337.9170928271271,828,-14.52083616046566,27.80822813457629,0,-1.632166805806842,-3.557627360880347,-3.988906112888119,-8.304009172291417,-7.358288205118414,-11.84673878674417,-12.24542653052488
4,7.1,E330,362.752258207805,365.6666666666667,-13.41143370793373,1.38665740064126,0,-3.898080505371342,-4.178802718630569,-10.91755867857584,-11.79490377451039,-13.68225040332651,-13.68286978824762,-13.50898385105755
4,7.1,A440,669.6627422130158,1370.666666666667,-14.52083616046566,39.72033487883176,0,-4.698342007564076,-8.61268893280508,-12.62489653464015,-12.79943622104108,-13.24236768990406,-14.54492167964408,-13.26215659062167
4,8,E165,440.2265929468084,672,24.20171588151388,1.144789424311929,-1.661722391238065,-0.6960831252016618,0,-2.648160818629566,-4.375493953679673,-6.349017371481693,-5.914473181327042,-8.597738308352445
4,8,A220,369.3804319287133,826.6666666666666,25.26309777420984,1.805454168286953,0,-1.033863238211304,-2.694032033837171,-3.864431255515365,-3.988587820520736,-6.296473273768153,-11.01892878322331,-12.75255743812736
4,8,E330,393.3109950356688,675,24.20171588151388,24.69867063607131,0,-2.598112931792864,-5.253167808128967,-12.43581663300807,-12.30817521273537,-11.60582865382833,-11.6769516948919,-12.5308067024514
4,8,A440,725.8070575220321,1366,25.26309777420984,11.91177838892946,0,-4.074630568168367,-7.04338693749411,-11.70660948576033,-12.79206736596322,-12.22433338248102,-12.62548219779818,-12.10425537532962
4,8.1,E165,449.4763510044831,637.6666666666666,10.81439832209441,1.998988996079239,-1.733210925921983,-0.3843860667587101,0,-2.99622786395841,-4.946360811713602,-5.598282280477189,-5.455705378481476,-6.804696829134152
4,8.1,A220,375.3151970340049,960,3.265782203346638,2.936640848463289,0,-1.167880775911891,-7.36975341532708,-5.690267814182761,-5.035423059721537,-4.951571706107928,-9.292753212075219,-5.261448462734761
4,8.1,E330,380.8085094915805,556.6666666666666,10.81439832209441,5.064673499168403,0,-3.212120234130529,-5.408221246911203,-8.250041123102834,-6.362646293605974,-7.208407983738709,-7.601950787369131,-6.206171679771598
4,8.1,A440,720.1177806494861,1492.333333333333,3.265782203346638,6.776682237603596,0,-3.074473169153128,-1.832043984187039,-3.961213748190463,-6.853709363969347,-4.738806870709152,-6.96912354930053,-7.005190705680316
4,9,E165,434.1215479140662,673,34.89837680282532,3.130520388431077,-1.124465493730385,-0.4226509836332918,-0.09036837776955468,-2.709302975738064,-3.885766890296299,-6.062189681336215,-7.602527044248663,-10.80975923694028
4,9,A220,456.8382297383201,1593,-74.29051242014074,0.2458169933819933,0,-1.183141455099623,-4.17936997601412,-4.591144364654933,-9.871178365567522,-10.15982583218207,-12.37085341484129,-12.64076332817326
4,9,E330,383.3994162556787,675,34.89837680282532,31.45024967875689,0,-3.213472020582131,-4.736290152326994,-10.73491297535078,-12.01034002459761,-12.87834547913898,-12.48333195729513,-12.59359189089301
4,9,A440,893.3573700733663,2934.666666666667,-74.29051242014074,59.84690843752445,0,-8.848283170673348,-9.68171445329603,-11.68292364208377,-13.02483130314153,-11.356553447218939,-11.54853125170601,-11.41743656070286
4,10,E165,408.4300337985302,670,15.72510643026789,30.13569111007336,-0.7484109882414991,-0.5398458661948157,-0.2126570753768414,-2.411647409967532,-4.572126301242271,-7.355446789960954,-7.684367931231402,-8.589827227543461
4,10,A220,355.7882382602806,901,39.27417387842686,8.071051364067529,0,-1.599544905136545,-2.62854897003658,-4.056928996713427,-6.466453933119659,-5.982895617115287,-10.30729252865161,-10.47398951803534
4,10,E330,399.2359742466936,673.3333333333334,15.72510643026789,21.91742913940566,0,-2.253273820820526,-6.044348467354417,-8.248170805966886,-9.7898197547223,-11.86689564112867,-12.01957814062195,-9.937326235855217
4,10,A440,696.7467251214256,1363.333333333333,39.27417387842686,16.39291015448253,0,-1.198619049587567,-7.917415486000734,-11.82720490025065,-12.86317911288926,-12.4679224696313,-12.98617377515916,-12.49669864460333
4,11,E165,451.0124237588678,694.3333333333334,15.22194794335752,5.241878343228995,-1.338500285504615,-0.3818593943101363,0,-2.740115617216286,-3.714580534004593,-4.712912197091582,-5.213853386005117,-5.420386504889254
4,11,A220,588.538998329038,2100,26.06873651854411,2.486608623795046,0,-1.593555863210336,-3.514620302840568,-3.707705840013875,-5.056408358420856,-3.079763237249825,-6.673959734163341,-9.521642857449994
4,11,E330,408.2224365112328,679.3333333333334,15.22194794335752,1.518369324191653,0,-2.388553606841633,-4.163753337339593,-5.939601403409083,-7.700696951664688,-10.0529226797531,-10.62443561983555,-10.65300560149137
4,11,A440,887.1391074750159,2126.333333333333,26.06873651854411,15.65945445418323,0,-4.725334671794956,-7.420044034056602,-9.56417085414868,-12.19880430438733,-11.35473398002833,-12.50984036933109,-12.44837468864815
5,0,E165,374.6357863781911,719.6666666666666,12.89971440118333,3.965160858156294,-0.2584594774567008,-0.3034755039757346,-0.4257094886347232,-2.571019627220789,-2.680539182049189,-4.692806625482516,-4.953628191577079,-7.324599805944899
5,0,A220,360.9644005977313,815,6.840067626977396,4.401424286082055,0,-0.964339636540938,-3.851445146460792,-4.669789618752509,-4.406052489974503,-4.631031199057071,-4.943724225089908,-5.235285278904295
5,0,E330,515.3714222576533,664,12.89971440118333,1.90363592989305,-0.1512504419391186,-0.1126770881105272,-3.623997057652883,-6.189652318189466,-6.866904618738608,-6.107774763588208,-6.630849447571863,-8.202393046694127
5,0,A440,632.8619535807188,1617.666666666667,6.840067626977396,2.056991712347459,0,-3.136885949847857,-2.245170866230488,-2.935636698514623,-4.72227572540169,-7.376233992868212,-7.315672040126958,-9.086608184034302
5,2,E165,446.7716662403109,723,2.548037461490271,4.001298686863988,-0.9726448094857792,-0.4074555007552849,0,-1.361046037139454,-2.863262348285151,-6.233750016445796,-5.60748801254304,-6.023798868658401
5,2,A220,537.7943498567197,1914,2.310086214172025,3.100212420140446,0,-0.7369233877170837,-2.983611391669842,-3.878095693599645,-2.939162278657181,-2.957960055479256,-4.27932835729906,-4.08198119972186
5,2,E330,499.6996787296357,662.3333333333334,2.548037461490271,2.010239008959261,-0.2101862129123611,-0.2500221913839145,-5.278876924191549,-6.91344353523131,-6.142702904482291,-6.2346123303851,-7.467516800337602,-7.803203311720002
5,2,A440,636.4966751937585,1474.666666666667,2.310086214172025,2.768162379114099,0,-1.633689989790962,-3.226265596053643,-4.166116780609783,-5.145664334620858,-5.074276252129105,-6.926713236938884,-9.174124220508626
5,2.1,E165,534.8901986877097,1102,9.943035998272704,3.818997099303143,-0.6398520364647377,-0.1893288485920834,-0.3556309275357006,-0.5734650187178522,-2.210825417556965,-5.812644532729842,-5.035171349330156,-5.167647424407015
5,2.1,A220,548.2713227075432,2212.333333333333,-15.55292938046259,16.96802721815405,0,-1.419755462020782,-4.84136107770941,-4.391794520566317,-2.879055390337673,-3.717534533021642,-5.095581540434618,-4.949802233327453
5,2.1,E330,589.5259934598615,996.6666666666666,9.943035998272704,3.506704235410039,-0.2489765942849059,0,-5.442162549694767,-6.628010989872023,-4.525018985180716,-4.229469737549556,-5.301200757701765,-6.197725146112956
5,2.1,A440,922.192197231498,2071,-15.55292938046259,5.557439074683487,0,-1.070629523673937,-1.5565780434432,-4.2589561993139204,-3.92100892279768,-5.255936975657352,-7.216600438047585,-8.583037534154185
5,3,E165,332.3467987553693,554.6666666666666,14.2539403660355,5.860045871522124,-0.1400972456557881,-0.0129614427518406,-0.5210721494626244,-2.934444262007649,-4.265190264724673,-6.313119691296436,-6.407989284010081,-7.796403097291311
5,3,A220,285.5860318956727,442.6666666666667,5.826551637099231,1.597250592437686,0,-1.102338786854874,-6.306961849982859,-6.260746061628571,-6.060968953975663,-7.026885405272412,-7.641113612734234,-7.923270412737378
5,3,E330,420.2110961277874,660.3333333333334,14.2539403660355,1.092607229959325,0,-0.9331135645825478,-5.786808777903893,-9.98804828524407,-7.481301649459339,-7.896812986476941,-9.042045540719542,-10.32736365493099
5,3,A440,466.5034212330281,456,5.826551637099231,3.8352594348241,0,-4.887751158310841,-4.693631752392566,-6.395262305115541,-7.769734617837173,-8.60036887857146,-9.869399904928201,-11.90396308635047
5,4,E165,381.6849430337643,661.6666666666666,12.92575584350308,1.266895089793105,-0.2070100242689801,-0.03485472480928446,-0.2646712770933573,-1.776997605418554,-3.283894868755514,-5.2751578107755686,-4.900880432982329,-6.337433947843646
5,4,A220,324.2286130736226,445.6666666666667,11.44374275167241,2.673541840918304,0,-0.6179712853363052,-4.402253587039699,-5.774400406276972,-4.721978836558829,-6.079152825273496,-6.396497313543997,-6.861615394365951
5,4,E330,462.3246661500768,659.6666666666666,12.92575584350308,2.273165171862969,0,-0.5510171695005214,-5.542580354795799,-8.322779965846273,-6.720598193035471,-6.646531155759052,-8.805899958450988,-11.01570033265822
5,4,A440,519.2353389958504,1031.333333333333,11.44374275167241,9.25621415164877,0,-2.926098809101543,-3.49160566598185,-5.087120347454948,-5.882075009550881,-7.596641616525669,-10.0051135118604,-10.59097758891716
5,5,E165,417.5194105860074,715.6666666666666,9.7440227478005,3.798355685357648,-0.2543787848869243,-0.2612783360891182,-0.03450737862811041,-1.357622307850487,-3.46440387041018,-5.143126328869513,-4.2288865560509,-6.189295111196738
5,5,A220,400.2906516645459,1181.666666666667,19.623331530699,0.8384700053639824,0,-0.6410019508200536,-4.304356766373733,-4.808348183724992,-3.089843645633245,-3.636300114285007,-4.229231564309081,-6.080011441925611
5,5,E330,506.0457455186663,661.6666666666666,9.7440227478005,1.112351907107685,0,-0.1729142500136233,-4.098521118370012,-9.4294166757236,-6.734246702402293,-6.626979160052618,-9.305562477343566,-9.029221712510806
5,5,A440,568.936403439811,1180.666666666667,19.623331530699,10.13195136151042,0,-2.56706809929671,-2.938442513467184,-4.757627895798848,-5.628543277521405,-6.298059551087225,-8.102415569596053,-9.196076719485626
5,6,E165,361.4725122778414,607,18.21062821960828,0.9091496917316606,-0.7422969253941094,0,-0.8032161357823681,-2.755524565158356,-4.096693698289232,-5.335463739366368,-5.648673058987747,-6.824636212221115
5,6,A220,359.2535846791633,737,4.628329456655247,2.229842179681373,0,-0.7395208631198132,-4.204140285477687,-5.854920504271697,-4.13029696407568,-4.6148224041548,-6.345810308138023,-6.424786749613656
5,6,E330,443.2323107384066,658,18.21062821960828,0.2727323749658562,0,-0.6071605084274966,-6.016501300128355,-7.828969571185411,-6.02227296214545,-6.08077232969709,-6.634256304993516,-7.768476736208153
5,6,A440,541.1132087056285,1321.666666666667,4.628329456655247,4.821202818632173,0,-3.325520944789894,-3.105605397250193,-5.403408413026738,-5.386777887997419,-5.888171631390165,-6.925543142480716,-9.069752327290484
5,6.1,E165,423.1417592980201,716,5.784102108729174,3.852381180390342,-0.3060944955298393,-0.1800081699401316,-0.06204808413721056,-0.9182701391408354,-3.051469955537101,-7.150100761931587,-5.038338614578337,-5.955523373440161
5,6.1,A220,382.3306820258395,956.3333333333334,0.1953874442546438,2.84081466090517,0,-0.3863116170925724,-2.921747840134646,-3.606709846301148,-3.904568985148972,-3.682007211659236,-5.06649538150619,-4.845597763031757
5,6.1,E330,491.3406615905864,663,5.784102108729174,1.628144734502077,-0.09348894907511014,-0.1536836058059983,-6.120009945250513,-10.17565696093932,-6.861585069146379,-7.358601203056199,-10.27807014000764,-9.517245623414567
5,6.1,A440,565.2934090742376,1179.666666666667,0.1953874442546438,3.953051293923633,0,-1.812551000514646,-3.105961884163441,-5.669556920847222,-8.613639166413483,-8.198400530756802,-10.66425837976333,-11.33999782410429
5,7,E165,442.0964431439064,711.6666666666666,2.332230956387773,4.646849861530836,-1.470820528361731,-0.08130190695137014,-0.3283291342500612,-1.081504019647139,-2.9843818116545,-6.5141080633760184,-6.130638018897936,-6.425348696444272
5,7,A220,343.2717849063973,446.6666666666667,-3.830571947031546,4.427286041599894,0,-0.4461241856627692,-5.261844024327385,-7.212402079441212,-6.175074960297857,-6.860187718700398,-6.095116950585301,-7.043386232898719
5,7,E330,473.7263177311183,659.6666666666666,2.332230956387773,1.351959283283964,0,-0.5275857900486951,-5.403347968010279,-7.56424546459079,-5.567006843940128,-6.3843321363503,-7.900086539614629,-9.331055392960756
5,7,A440,585.786336364784,1184,-3.830571947031546,4.233069210689553,0,-1.701725410908401,-3.504729886096447,-5.965928059015634,-5.917698881186854,-6.879852527810359,-9.537491473617353,-10.74547908601719
5,7.1,E165,365.6277951111543,661.3333333333334,13.42852265101666,1.232410903923138,-0.1766071709293756,-0.09878936440236667,-0.2707324964170213,-2.5295988389841,-3.414102492939919,-4.90878069678934,-4.758576163780169,-6.341780138460312
5,7.1,A220,325.0841139589024,588.6666666666666,4.445273427062334,0.7580901567948909,0,-1.156729376391241,-4.614569956932919,-4.649185974336779,-3.908088258849512,-4.839689913704999,-6.756502076047077,-6.895257289028632
5,7.1,E330,441.9742280606867,660.3333333333334,13.42852265101666,1.118736000023817,0,-0.8817581127349966,-4.673264215675876,-8.936269856175336,-6.895162037156581,-8.786937232851956,-7.997229514817957,-8.110657118437933
5,7.1,A440,547.494508935948,1174.333333333333,4.445273427062334,5.585230272862872,0,-3.634425511817476,-2.959848174958692,-5.989367174777925,-7.051947149919296,-6.941283095681837,-7.768577440498919,-9.710453139857158
5,8,E165,461.0115187366026,826.3333333333334,15.80248318154537,0.5940577328870846,-0.5818920398522719,-0.4549603004449937,0,-1.281489617437676,-1.957036087885455,-4.384031748117361,-4.813310631609524,-5.983649797735114
5,8,A220,474.4528082115301,1542,7.444967873525803,1.839095649194775,0,-0.8655352158694658,-4.683036175565109,-2.759547164401309,-3.189650612385113,-3.212863384207191,-4.765259349587736,-4.497376800223723
5,8,E330,540.149105102062,661,15.80248318154537,0.8968514727791835,-0.3555439929616053,0,-3.88135157981031,-6.880902073013861,-4.897387228358572,-5.313557997387929,-5.743673224047535,-7.217536689520704
5,8,A440,844.6247336078868,2052.333333333333,7.444967873525803,1.44730047008531,0,-1.353803877572017,-1.651283778741157,-2.298941275828889,-3.092285127392073,-4.797608951585263,-5.402122223335264,-6.653552552010914
5,8.1,E165,460.4570213343607,775.6666666666666,11.31835235984194,4.476287389833794,-1.092738768275347,-0.4381861531798918,-0.1243402800465005,-1.862148050166234,-2.970569667062884,-4.834210823612172,-4.964932184536771,-5.986874834239764
5,8.1,A220,422.5840206704972,1411.333333333333,4.185701912470288,1.251251187851691,0,-1.438293530808027,-4.561507737604124,-3.68726982345654,-4.665068438971121,-3.361312274546555,-5.111517004272938,-5.44849314066817
5,8.1,E330,493.5786828825632,673.6666666666666,11.31835235984194,0.8234474839806888,0,-0.5646002086755045,-3.568252526331948,-7.166961930473101,-5.065483287230487,-5.062975789536845,-5.334631536198191,-6.529292214076349
5,8.1,A440,975.438646542247,2646.333333333333,4.185701912470288,1.41148197424281,0,-2.724104193249058,-1.360954233204243,-3.111345622574849,-2.899082411189902,-3.141889553585202,-5.676446185915996,-5.581396589282555
5,9,E165,359.962255194584,607.6666666666666,13.06833102193823,2.025460585786541,-0.08658627434237924,-0.4951863156206636,-0.4057139645406398,-2.648603814595109,-4.24668645063413,-5.34622789610096,-4.237542839955949,-5.726286899065748
5,9,A220,338.8178872783591,587.3333333333334,0.9351795743262641,0.6143499166461288,0,-1.013544920071266,-4.543467753509131,-5.578791696414975,-4.139467690874826,-4.846570151443209,-6.158441585838081,-7.023135508168468
5,9,E330,461.9192669768906,661,13.06833102193823,1.651722829666559,0,-0.7073028287157849,-4.06281302066268,-8.042920567878857,-5.902883506803074,-6.630562577064514,-8.575878440462914,-8.222457166891983
5,9,A440,552.5053608933218,1323.333333333333,0.9351795743262641,0.2836444530142844,0,-2.923506701085099,-2.823742144757242,-6.292235240824108,-5.164486641090083,-5.565097710156523,-8.390538221275108,-9.692804110009765
5,10,E165,324.1499480557202,605.6666666666666,15.14178569598215,1.744829024398193,0,-0.8627802211726662,-1.058288914936358,-3.550242516192976,-4.469565919544201,-5.427049023103668,-5.024921165980078,-6.592398699463043
5,10,A220,310.8014298447878,443.3333333333333,-0.1079153992534532,3.301859689302014,0,-1.029036418608661,-5.389606005584014,-6.286457836788446,-5.594400735204403,-6.097409802434416,-7.014583222871702,-6.701579629813792
5,10,E330,422.0795812708179,659,15.14178569598215,3.785928596993997,0,-1.113104494144258,-5.197732060670724,-7.545872542195659,-6.57476467568008,-7.314781254251359,-8.831677241693113,-8.682027856023142
5,10,A440,490.3413334580534,744.3333333333334,-0.1079153992534532,2.090228521447096,0,-3.642819032915618,-4.33145365978094,-6.152331372334644,-6.816002844816841,-7.478663215091164,-9.027646768767577,-10.02836886108353
5,11,E165,349.6345029366864,610,9.385509707242829,6.974104974709451,0,-1.034271631243548,-0.7425066807673405,-2.139633666152164,-4.049771975327437,-6.335511522390834,-5.111113619438796,-6.504972178531858
5,11,A220,296.0407714624511,442.6666666666667,6.118542950665344,0.1682136614848933,0,-1.131594295844318,-5.35145481214703,-6.763048197533568,-6.273083979086935,-6.215944672749349,-6.982319825418739,-7.636964124004922
5,11,E330,477.2274901891957,660.3333333333334,9.385509707242829,0.6240496502560816,0,-0.4666015655764208,-4.382094337537328,-6.795629613249332,-7.570443532153786,-7.693258604344226,-8.800740177981401,-9.623141430858686
5,11,A440,504.8143346567411,1027.666666666667,6.118542950665344,1.315094186295532,0,-3.195085200682984,-3.421014660109309,-6.283256709701135,-7.395000191895272,-7.974313375601656,-10.43698606534221,-11.98663067888401
6,0,E165,616.7403222121989,2454,3.445650894391532,1.64538727852487,-0.2338001372814359,-0.2844615840336744,-0.07097873925873266,-1.13606276381758,-5.364741644432754,-3.35658219866922,-2.2621036752014,-3.443791978541879
6,0,A220,724.873895607226,2561.666666666667,-2.373051888258872,0.9295235230776727,0,-5.959401552212443,-1.873658496799617,-2.970766358826604,-4.570505914471597,-1.440357987951656,-4.343699720234761,-5.855424804091446
6,0,E330,685.579290499582,993.3333333333334,3.445650894391532,0.6495733905146537,-1.542327651449432,0,-3.596473116349885,-4.049989862134615,-5.994456301456641,-5.272056497027363,-7.486350231639819,-6.495303907468166
6,0,A440,1290.733216783681,1904.333333333333,-2.373051888258872,3.19662545216599,-4.159439779457548,-0.2565013504665472,0,-2.067211277331106,-5.626797892691937,-6.277245861855573,-4.432608390387414,-5.493914186180028
6,3,E165,488.602856038659,1153.333333333333,13.23992599049449,1.013282162140428,-0.2013099043566076,-0.05573935233779951,-0.3356961975274964,-2.076218284935937,-1.892706341386579,-3.929172407559651,-1.719812015301472,-5.256356240086072
6,3,A220,478.7980779287947,1451.333333333333,-16.74705418876654,0.9489258504488469,0,-3.614607610015902,-2.326250392651287,-2.863225903785961,-3.177497772296546,-2.637814790476223,-5.734606160669737,-5.058767656518219
6,3,E330,489.4004325367382,868,13.23992599049449,2.704926602764136,0,-0.806121955865495,-6.259490330092777,-4.157659003549996,-4.6448685779713514,-4.553635741366842,-6.499372726743139,-5.684248513312727
6,3,A440,1125.721510519326,1906.333333333333,-16.74705418876654,7.576882290357333,-1.713879014361822,0,-0.7677355960769674,-2.819695158242907,-4.469431629487687,-3.851195741826802,-4.568174461465849,-6.07681056448178
6,4,E165,766.1766337379989,2529.333333333333,5.445591417006682,2.034358516855507,-0.6546836962926464,-0.7556191710042501,0,-1.164229049897366,-1.535791191785971,-5.450166910853206,-1.793887027208494,-2.925225572001194
6,4,A220,1127.675661608538,2993,-8.935215027792827,6.886276490709402,0,-6.061553099460938,-0.294648437064664,-1.903637512291076,-5.329392762979278,-0.4923488733669187,-1.784283490651398,-4.357633605432873
6,4,E330,778.3276132195552,2310,5.445591417006682,2.082526611847773,-0.7173843539843,0,-7.130813552125097,-3.820938698919686,-3.032145257931633,-3.625627340958656,-4.606120101463866,-3.996944226696244
6,4,A440,1259.013182390341,1770.666666666667,-8.935215027792827,3.453845594116211,-3.526968309529447,-0.582290217461896,0,-3.176328639776097,-4.5410000596971,-3.390999502113346,-5.275787451916753,-6.445268784301057
6,6,E165,659.8864938976255,1316,2.955900588622084,2.833667918006953,-0.593647902155182,-0.3378996265131822,0,-1.364479660538708,-3.171079396064574,-2.146015652638704,-1.207011924102157,-1.939381805903749
6,6,A220,942.9814019989303,2692,-20.06403410398968,10.27927728778204,0,-2.121030159424846,-1.069246767451257,-4.092341640217925,-2.507876674694605,-1.20531643544617,-4.120857395706715,-2.192226299485375
6,6,E330,683.726241162518,1863.333333333333,2.955900588622084,0.8352295525173832,-0.3580220524279998,0,-4.487766743770627,-3.000241750726795,-3.919862755631762,-3.219433933562218,-5.473699849861643,-5.96524403428855
6,6,A440,1529.525750136938,3533.666666666667,-20.06403410398968,2.325331390931089,-1.915862638459142,-0.2559860500667034,-0.03660854901212692,-1.544942569010739,-2.961095704251758,-2.961504543036455,-4.841437249352587,-2.730897149721797
6,6.1,E165,761.422514478676,2402.666666666667,8.71149904661369,1.101247733352365,-1.309646388160535,-1.051254572598474,0,-1.706482778155421,-1.732252210266189,-5.793186901571334,-1.03716746814449,-3.359401894700014
6,6.1,A220,998.0173408010666,2784.333333333333,-4.460850913111474,0.6427409088308941,0,-2.898011768459723,-0.8672521657626294,-1.867720499149321,-1.843085206129137,-2.071903359591244,-2.616586956240873,-3.98490169349302
6,6.1,E330,812.3541090085986,2421,8.71149904661369,1.730051708428841,-0.7156751885921278,0,-6.258256439952227,-3.268281698369123,-2.815488928332466,-3.265650772302278,-4.146441469522423,-3.390120193142209
6,6.1,A440,1346.360520409022,2649.333333333333,-4.460850913111474,0.6837924230857241,-2.529684023461554,0,-0.5018626354207889,-2.794482709617618,-3.286282733580423,-2.462236068945972,-3.752667701767999,-6.310131920003226
6,7,E165,607.8070852805954,1216.666666666667,4.121505948076843,1.654712009051218,-0.8799122155198376,-1.103008030527568,0,-1.812103439797304,-2.853875217669575,-3.2753384468022,-1.298370857673816,-3.844809306207897
6,7,A220,877.1942735998459,2781.666666666667,-4.35390679913023,1.161588689359343,0,-2.44086787556585,-1.066479987921446,-2.133620607266012,-2.007992213485308,-2.638773225674356,-2.930662252116191,-4.54098948669239
6,7,E330,688.3563386865808,1651.666666666667,4.121505948076843,1.575778870313479,-0.5876911213565629,0,-5.022479580930383,-3.711212743016865,-3.254998042831315,-5.100750904207607,-5.479456074049772,-4.281431519299001
6,7,A440,1197.136038359124,2643.666666666667,-4.35390679913023,2.074507482325784,-1.660734710419876,0,-0.3477731109498876,-2.750196613072159,-4.243085525852098,-3.402499792189805,-3.962869059638123,-5.231420368466662
6,7.1,E165,711.9290168067386,2239,6.2995860288103,2.166965450281269,-0.6828385794220869,-0.8574703749360614,0,-1.3651233397425,-2.221565303246607,-3.129772971259408,-1.143419045008657,-3.060923119177406
6,7.1,A220,838.5695147324346,2630.666666666667,-3.228596579727883,1.385011104022486,0,-3.476634131683719,-1.699873023405201,-2.501983120768848,-1.990269287428179,-2.515488248577848,-3.830105717638803,-5.432506604010332
6,7.1,E330,739.4459053710146,2305,6.2995860288103,2.718026252676754,-0.5525292303457737,0,-5.446014466921471,-3.246431044695257,-3.442684408736892,-4.286636907121958,-4.842604344398615,-3.234806218119044
6,7.1,A440,1404.036660402635,3080.666666666667,-3.228596579727883,1.891588437815223,-2.198571179524311,0,-0.2538766769882379,-1.745161531791255,-4.63357664164914,-2.769724892652058,-3.305609261584765,-4.458832113274167
6,8,E165,822.1969692001338,2754.333333333333,11.64963683509102,1.202384812068443,-0.3454110495415292,-1.050551274450457,-0.03538968834181588,-1.246590469897039,-3.837570106101106,-2.33535730075242,-0.9993046595074736,-4.830632573668429
6,8,A220,1069.042084397984,3078.333333333333,-2.820377659371661,0.9046755771550474,0,-5.631750888279886,-1.682120549888666,-2.729195105205548,-1.751727119985629,-1.383161507094655,-3.822037190992012,-5.797446698382117
6,8,E330,874.2151654452817,2636,11.64963683509102,0.8243288802854825,-0.6548835372413008,0,-4.316695397741264,-2.901712027185775,-3.237730019157922,-4.684508020508473,-3.301259051420529,-2.764575486659716
6,8,A440,1675.843588261597,3381,-2.820377659371661,2.792214051432349,-3.640820121766855,-1.65583489606171,0,-3.28233367872715,-3.352070112428656,-1.99770391051318,-3.960546114588666,-4.886101889750188
6,8.1,E165,716.3715030518797,2417,11.78859246343962,2.084445927328758,-1.30650428238272,-1.691553330501429,0,-1.947255820440506,-7.21742895490027,-3.829137065978298,-2.491823208711791,-3.77509901434542
6,8.1,A220,1099.852544145918,3360,-4.269570123890685,3.182026703363666,0,-4.341220162665995,-1.861430828032568,-3.505016813996853,-3.318856008347097,-1.427788076190027,-4.049007456357987,-4.004843619566052
6,8.1,E330,807.7230469880251,2516.333333333333,11.78859246343962,2.26868241699296,-0.4079519033698039,0,-5.668188731213601,-2.391184869020755,-3.028191948275442,-6.08559251014682,-3.744583502680209,-3.452319058670228
6,8.1,A440,1723.425488926673,3961,-4.269570123890685,0.9257849525714817,-3.076663928521963,-2.783229654587951,0,-3.585458882513274,-4.393282779465882,-2.307532518744042,-4.917220530505375,-4.614201569582431
6,9,E165,835.2735085629529,2531.333333333333,8.710865729305858,2.512043912622704,-1.111256402762107,-0.9123528193272202,0,-1.627870437097172,-1.527660516395016,-5.047459884107179,-1.360837317120912,-2.829094738009456
6,9,A220,1123.039804145637,3071,-3.981549784392989,2.319182383638182,0,-4.107617897539701,-1.168999753214684,-3.00786490520405,-2.965082005659686,-1.305139946931206,-2.46005641906323,-4.669675588906023
6,9,E330,863.8520845288118,2530.666666666667,8.710865729305858,0.700448873279895,-0.6370601869748924,0,-6.157480116249836,-3.139285564979806,-2.78500110476925,-3.320269995290789,-4.391781968362784,-3.276843896836107
6,9,A440,1584.082769391575,3367.666666666667,-3.981549784392989,4.369165376697714,-2.713628013792533,-0.3269151937747138,-0.06136536972493308,-1.956934122782752,-2.97447162275231,-1.937894962253126,-2.956477379896323,-3.992610889415436
6,10,E165,776.1288262527995,2735.333333333333,3.306644358981419,5.132051727179061,-1.108057083331867,-0.2891060611785352,-0.2428192206243658,-1.032444321899439,-3.852639499534712,-4.940064986249584,-3.203615799349171,-2.880773706162715
6,10,A220,1141.880213462939,3061.333333333333,-5.313971409369678,0.8498631897464337,-0.007025852929336551,-5.840774286962532,-1.179166046708851,-2.887127724900066,-4.708911675730221,-0.3534018803404108,-2.427366884992517,-4.918692296497603
6,10,E330,651.9026837186332,1973.666666666667,3.306644358981419,8.149399186226894,-0.003126987928674533,-0.1153335731183566,-6.121869548578531,-3.230971671425897,-3.211693281575064,-4.239147825505452,-5.022838920794048,-4.18004211658852
6,10,A440,1539.22713141246,3224.666666666667,-5.313971409369678,4.470238496458185,-4.743504419945292,-0.912453555590492,0,-2.662462138033947,-3.427561890280808,-2.38856723680316,-4.099501727680182,-3.833093022017626
6,11,E165,719.8372588599133,2318.333333333333,8.942366811410812,4.105905147432305,-1.3830478212058,-1.902122653343096,0,-1.895061039597868,-2.567995718073424,-5.640180174362702,-2.145273206059478,-3.996634718292343
6,11,A220,1139.384187291838,3008.666666666667,-1.005023862400138,2.079895148432393,0,-3.770026015491063,-0.6850363791440088,-2.231201364828609,-3.653108103392729,-1.045114864213625,-2.033439549516408,-3.439809691435876
6,11,E330,772.0149614560673,2313,8.942366811410812,1.524835496951115,-0.8539260788854796,0,-7.195593418338563,-3.393177274233488,-3.679818621164726,-4.191340691729134,-4.876433969480206,-3.989799185557934
6,11,A440,1491.97111342212,2797,-1.005023862400138,5.405724882474967,-2.225961751982609,-0.5736019100324145,0,-1.807502543061847,-2.805659823675289,-2.289019814090691,-3.210392265664642,-4.18857641725623
7,0,E165,526.086023414388,1099.333333333333,7.375359367598286,1.55070508563135,-1.488855512265869,-1.14195703714402,0,-1.463420077884884,-3.541485939229736,-4.864459710365499,-3.235258134809659,-3.862324758682357
7,0,A220,806.8730280671175,2428,11.85031071894674,0.9950828371808714,0,-0.5455397594737992,-1.865030328870503,-2.859777884179547,-1.331841563249619,-1.086289256858068,-1.909142960203764,-3.721787262349629
7,0,E330,557.3661558139485,662,7.375359367598286,0.6863965623736565,-0.5175573054974567,0,-6.226142564433584,-5.216991626804306,-4.58607048159736,-6.519396872242223,-7.346493742287549,-7.095114288939297
7,0,A440,984.5224462789444,2048.666666666667,11.85031071894674,2.146939844861221,0,-0.9328937179167122,-0.4242171726801741,-1.77289497756824,-4.176484825381352,-4.725562478561705,-3.283027444495266,-7.32839825497359
7,2,E165,615.6166918378922,1759.666666666667,4.033454546554272,2.680339636726213,-1.339060464335513,-0.9895526574026933,0,-1.053756981536792,-3.372635328300809,-4.938234992521463,-3.377022104390869,-3.972850400570515
7,2,A220,1187.812882397209,3078.333333333333,3.998809696762488,1.631636978097835,0,-0.3691106404181221,-2.91683151388643,-2.126454704752763,-1.544570692202651,-1.132843553545715,-1.364951034600557,-3.104793063346168
7,2,E330,624.069685738733,1540.333333333333,4.033454546554272,2.810795427500357,-0.4789979313192205,-0.0935092390748699,-5.791508504800532,-4.560075497835723,-3.540066175886823,-5.543589135289866,-4.581274852964917,-4.166788765662591
7,2,A440,1502.645457912742,3080,3.998809696762488,1.528858759175744,0,-1.087400937576143,-0.6647885342141079,-1.58127681378448,-2.902903989235465,-2.428288854921377,-1.472868016596803,-4.41116979124277
7,3,E165,488.6935396539205,946,11.84527802367048,1.948738723378131,-1.269875153275644,-0.4260470003512256,0,-1.515798954535819,-4.09031331474043,-4.110779315358923,-3.565555705432895,-4.092882841089974
7,3,A220,571.0206330562181,1834.666666666667,2.080178201140116,2.938427534269605,0,-0.9359328360604643,-3.853341004388653,-3.800680837856429,-2.036963566430145,-2.397769024391029,-5.593234616249461,-5.35333797799449
7,3,E330,544.1602867932154,662,11.84527802367048,1.128473368352182,-0.4213001707008181,0,-4.794023657496638,-5.792112321925084,-4.529042372336892,-7.097724304726761,-6.069869861759348,-7.209829431912742
7,3,A440,957.5751988208002,2203.333333333333,2.080178201140116,1.680294505942023,0,-1.513337263576154,-0.406710569558921,-3.118675802162158,-4.380513463332977,-2.958491509962789,-4.110352694792525,-5.924791459571693
7,4,E165,607.6972047680687,1598.333333333333,9.0643435608914,2.455716866452385,-1.520405470518347,-0.8034813094393994,0,-1.08677064652232,-3.351443751573516,-5.400932288647653,-3.550092610520284,-4.017906068873034
7,4,A220,943.4440594995773,2719.666666666667,8.293323640184894,3.162772192225589,0,-0.4682289693298927,-3.104678219596337,-2.564083900069844,-1.478077623843139,-1.111450911492401,-2.256132636415939,-3.862869989019581
7,4,E330,627.0096098360136,1210.333333333333,9.0643435608914,2.902674654229503,-0.762502367907798,0,-6.092620614034121,-5.009398714524607,-3.574330719976523,-4.842859915269639,-5.814887034440734,-6.4334960845065146
7,4,A440,1191.325204298282,3076.333333333333,8.293323640184894,2.545348757282075,-0.04410492436717147,-0.7479540032076516,-0.2194498562614982,-1.747279600065285,-2.922896483931779,-2.785044247801137,-2.513144000938597,-5.38804101600861
7,5,E165,623.17804513678675,1652,11.19727494655898,0.8441788725000412,-1.466062505966794,-0.7498559367588093,0,-0.6757709699461388,-3.528947573218236,-5.010597083046437,-3.685351460286174,-3.665060364461413
7,5,A220,989.268770159726,2644,6.163538301666636,2.567950372447366,-0.00734606993577458,-0.2846308809659292,-3.76550186577748,-2.253237948766816,-1.052219732039261,-0.7107769208503237,-2.30299462733783,-3.55823722708081
7,5,E330,605.6915009974745,668.6666666666666,11.19727494655898,1.044230079864618,-0.7873298136361276,0,-6.405744612971799,-4.647119599994056,-3.641323099083149,-5.445854945478529,-5.716684884564508,-6.13498903684222
7,5,A440,1213.581773810568,2787.333333333333,6.163538301666636,0.9759024165957835,0,-1.123837792277091,-0.3236364533801901,-1.368423487447391,-2.64930776858383,-2.276518241462732,-3.193428270777107,-5.562129763861351
7,6,E165,621.1872237725723,1759,7.656743790705873,1.275900330706367,-1.201917803080808,-0.5667394612908581,0,-0.4349902548946971,-3.39520691579695,-4.151810303782035,-3.116549182248441,-3.499792183479065
7,6,A220,1060.694384462677,2711.333333333333,3.368785126204767,4.871580143563098,0,-0.5624964727205146,-3.359698362674191,-2.290883609662473,-0.9343518240996733,-0.9014272893881105,-2.186561800304258,-3.107845678197642
7,6,E330,581.7751133192331,666.6666666666666,7.656743790705873,0.06146854490547755,-0.8344464326192895,0,-4.469788999686801,-5.166772333709048,-4.849959871437038,-6.045762621126244,-5.089373818674824,-5.98449037090447
7,6,A440,1408.982311625588,3077.666666666667,3.368785126204767,3.486368063030103,-0.05491095312951385,-0.8073593586571217,-0.3887475978257771,-1.24351003440872,-2.331871693851095,-1.846996191964852,-2.002159474519565,-6.961597756625292
7,6.1,E165,590.3293592657388,1375.666666666667,11.21978622071521,2.286092470409722,-2.031610557739903,-1.382670085730749,0,-1.197619916084679,-4.116501458357448,-5.033184384383929,-3.300348603298884,-3.909205843166513
7,6.1,A220,839.6548670656375,2503.666666666667,10.94140238177876,3.289946134999533,0,-0.6686215853861714,-2.632350185334044,-2.446563246839995,-1.220897218096858,-1.292754939435595,-2.343199497766538,-4.960909291424202
7,6.1,E330,621.0859388520802,664.6666666666666,11.21978622071521,1.229028209221595,-1.132111539626105,0,-7.555814630865949,-4.452052169590368,-4.196232827224629,-6.709187915786761,-6.334157907221545,-6.567366330682113
7,6.1,A440,1202.32725640972,2935,10.94140238177876,2.217600180992928,-0.2549400642241491,-0.950870482563951,-0.4444256861439199,-2.217654357944659,-3.799453445844975,-2.77584636830731,-2.771118994446149,-5.483616764191171
7,7,E165,522.3779777253534,934,7.272486251021978,3.803557153228563,-1.488966804116586,-0.887533604648846,0,-1.083396869591027,-4.171519096098435,-4.36120406578494,-3.876714350297502,-4.5635098599646
7,7,A220,730.3067622031986,2496.333333333333,6.807760973076324,1.225481727889578,0,-0.5413269374954593,-3.001825947550729,-3.003557733224734,-1.958428651493223,-1.623560619004287,-3.351895354371524,-5.839749506399151
7,7,E330,588.3840554932785,670.3333333333334,7.272486251021978,0.704279497397411,-0.7346094512459445,0,-6.788823776991923,-5.237141096992858,-4.188269702238055,-6.642180899970529,-6.890732093554493,-6.360181087152859
7,7,A440,1085.36881939968,3075,6.807760973076324,0.9209686649615634,0,-1.016728879332195,-0.2472940441266716,-1.920826887105906,-5.656106779037276,-3.288607221408181,-2.404350005103543,-5.336876203548172
7,7.1,E165,526.2994249700664,1099.666666666667,5.85150636542049,1.390551490610069,-1.354705756044118,-0.9795758116882117,0,-1.415583026432145,-4.416289012519342,-3.590285187320634,-3.366327090186507,-4.25236016634325
7,7.1,A220,702.2913608999073,2200.666666666667,4.799937014491629,1.257015045716571,0,-0.7401963156428047,-3.426512243872688,-3.05172071396921,-1.618734095148146,-1.549155371625853,-3.600850909001013,-4.694777052865232
7,7.1,E330,550.2070598311972,773,5.85150636542049,1.72046336434861,-0.2699609593613476,-0.2654566154845384,-3.652545585502668,-5.367798167319155,-4.271426855689071,-5.517206055166059,-5.766226303355126,-5.753995727357924
7,7.1,A440,1106.5093865739,2780.666666666667,4.799937014491629,2.040530068445467,-0.1096987862004291,-1.213556691525612,-0.05951193695037974,-2.550085323509125,-3.938067747660519,-2.766778040300257,-2.811879245940197,-4.928395997621872
7,8,E165,654.3549516567396,2246.333333333333,10.39588319006403,4.427558894769321,-0.9504648553345879,-0.4338856573602392,-0.08536430855485477,-2.19978117365931,-2.055920653474761,-2.648569687140061,-5.965296139746052,-3.802036483461543
7,8,A220,880.515055730697,3148.333333333333,2.361767909457122,2.144143324190819,0,-0.682167911745107,-4.970151623521588,-2.103548716306876,-2.709513475669976,-2.035234888853547,-2.87670500275901,-3.599980629964241
7,8,E330,576.1651024865644,1536.666666666667,10.39588319006403,0.3715208685868572,0,-1.121983066711598,-2.151992670556216,-5.08301417673182,-3.362453245351159,-5.579201947917178,-4.528852643854262,-5.854141971797787
7,8,A440,1291.175580854697,3664.333333333333,2.361767909457122,1.421441433907698,0,-2.859270536360713,-1.64409930976205,-2.287619294018879,-2.57352046254824,-1.917285522495437,-3.158241304336253,-6.103857885077576
7,8.1,E165,717.8394841916519,2421.666666666667,11.88746796694714,1.287750834420694,-1.616875044997136,-1.001701836997684,0,-1.808586191951378,-4.207564481653978,-3.00762651137257,-3.437377592953055,-4.751388861364041
7,8.1,A220,1175.155361801224,3372.333333333333,6.376611418630358,0.5348927867653477,0,-0.7679437641297918,-3.570984186709362,-2.626468945528801,-1.230929100507852,-1.761453044349605,-2.658191659267907,-2.434452325831041
7,8.1,E330,697.4427894100683,2085,11.88746796694714,1.371698489025515,-0.368184925007947,0,-2.966413022015969,-4.554094021466017,-3.776347565576254,-3.628973042482572,-3.702369733365285,-4.022198067295932
7,8.1,A440,1508.026364018051,3660.333333333333,6.376611418630358,0.4360611537952028,0,-1.635197024729721,-0.5880765936904062,-1.823549052405922,-2.104683455082294,-1.16462350053117,-2.606055804005692,-4.909157082630842
7,9,E165,553.2173634934554,1099,8.084777748070572,2.568375278713887,-1.518260679718087,-0.9904210947794413,0,-1.003123851174324,-3.779209375648289,-5.761941251430025,-3.756996372635697,-4.064235993673882
7,9,A220,872.4604553010598,2716,5.14981571091498,3.936582505645906,-0.007787692200541467,-0.1849054475449208,-2.64326536870611,-1.692239689095384,-1.51682516710987,-0.8919946403141811,-1.990002117930759,-4.076058555317333
7,9,E330,597.5108396720317,664.6666666666666,8.084777748070572,1.536964875612454,-0.6776935183070947,0,-7.487517210881438,-5.264449156814061,-4.098399477299059,-6.085774468576045,-7.719616542868891,-6.543346384605272
7,9,A440,1067.254807341395,2641.666666666667,5.14981571091498,2.44415495843513,0,-0.7692263186566274,-0.4402828156513039,-2.125016633499069,-4.00522567791522,-3.89261798235105,-2.677957055444264,-5.716506374186046
7,10,E165,530.5033132989892,1098.666666666667,9.871127061209378,0.9261783130133419,-1.55728776197936,-0.8418085092628242,0,-0.935084725707382,-4.279290862985321,-5.000239978635946,-3.611369631180514,-4.06925923315274
7,10,A220,862.9104159563109,2500,3.168050889770892,4.285209651982401,0,-0.2342835865969667,-3.186671130898567,-2.064093879136731,-1.523077099694573,-1.175873494126779,-2.321810060823635,-4.781511273851804
7,10,E330,562.5998251416657,661.3333333333334,9.871127061209378,2.683065391639982,-0.5526585261006668,0,-6.23663534520857,-5.111359551629852,-4.579487043421848,-7.858691032206013,-7.733939895140478,-7.517256571516898
7,10,A440,1009.209055043226,2499,3.168050889770892,1.515573830299016,0,-0.8720712442139827,-0.3556728715019546,-2.861058600972517,-4.150850967289163,-2.874494449485797,-2.910442428948123,-6.366911357027244
7,11,E165,541.5966461742263,1213.333333333333,13.98589277156524,1.475978181389156,-1.870696392576425,-1.349876859455278,0,-1.810332884989153,-3.799415831943579,-5.681403067046214,-4.007771463093884,-4.448727106018698
7,11,A220,1008.18828850438,2791.666666666667,4.920278625101898,2.920089834588337,0,-0.466883031459588,-3.268048628513638,-1.881231871610385,-1.682569447551143,-1.152316866956637,-1.795762383805984,-3.889367008949849
7,11,E330,588.6890678474273,664.6666666666666,13.98589277156524,1.28419535202591,-0.7490442901330822,0,-6.747168604304449,-5.062658285521454,-3.919081708331106,-5.879085298770633,-7.496719181739823,-7.360736377704661
7,11,A440,1111.058865911092,2937,4.920278625101898,0.6170618342386276,0,-0.6490134033647438,-0.4425593989180807,-1.88941355113541,-3.337388969142133,-3.571691478958428,-2.437226384452401,-5.605071769705018
